100;1029;453;37547
100;1037;380;27875
100;1099;421;51768
200;2221;972;62008
200;2307;944;61440
200;2306;944;60871
300;3522;1434;93867
300;3631;1527;114915
300;3473;1422;93298
400;4875;2096;40391
400;4812;2096;32426
400;4666;2052;37547
500;6171;2850;54045
500;6576;3067;35271
500;6119;2822;34134
600;7746;3206;39822
600;7761;3375;40960
600;8267;3813;44374
700;9192;4193;50631
700;8842;3760;47218
700;9473;3954;47787
800;10419;4406;54613
800;10881;5111;65991
800;10726;4657;95005
900;11807;5188;104107
900;12522;5454;119467
900;11877;4983;93298
1000;13720;6468;111502
1000;13623;6006;93297
1000;13692;6541;87609
1100;15355;7204;96143
1100;15623;6982;59164
1100;15284;7048;47217
1200;16651;7724;52907
1200;16185;7258;54044
1200;16631;7482;54613
1300;19177;8611;58027
1300;17697;7757;61440
1300;20149;9425;57457
1400;19541;8553;63147
1400;19397;8256;64284
1400;20244;8698;62578
1500;22727;9778;67129
1500;20908;8882;69404
1500;21024;9642;71111
1600;23045;11246;71680
1600;23594;10015;71680
1600;22500;9391;71679
1700;23777;11047;78506
1700;23705;10329;78507
1700;24112;10676;80782
1800;25487;12049;85333
1800;26711;12157;84765
1800;25725;10666;84196
1900;27780;12549;88747
1900;28642;12919;88747
1900;27093;12381;88747
2000;29644;13928;106382
2000;27957;12331;93867
2000;29089;13274;95573
2100;30560;13901;97849
2100;30630;13506;98417
2100;32650;15619;120605
2200;33039;14680;104106
2200;33726;14185;101831
2200;31856;14387;105244
2300;34654;16260;109795
2300;34378;14300;110364
2300;32692;15493;110933
2400;34752;16253;117760
2400;34981;16896;161564
2400;35626;15413;130276
2500;37816;15781;137102
2500;36879;17004;138809
2500;35883;16218;139946
2600;39340;16695;143359
2600;38946;17206;144497
2600;37514;16302;145066
2700;41635;20938;150756
2700;39854;18504;151324
2700;41720;19135;150187
2800;42203;18440;156445
2800;42035;19270;157582
2800;42025;20225;154169
2900;43730;18984;162702
2900;43778;18935;166685
2900;42592;18268;162702
3000;44630;19122;166684
3000;43857;19866;168391
3000;44384;19276;177493
3100;46904;20156;174079
3100;45649;20986;174649
3100;46976;21697;174079
3200;48843;21518;180907
3200;47342;20857;179200
3200;53135;20602;180338
3300;48322;21768;186595
3300;49096;23084;188871
3300;49249;21651;185458
3400;51618;24225;193991
3400;56152;25700;193422
3400;52514;21502;193991
3500;53023;23397;195698
3500;51018;22764;203094
3500;53608;24662;196266
3600;55107;24802;200249
3600;56397;24396;203093
3600;54112;23564;203093
3700;55207;26323;212765
3700;55279;24301;213333
3700;55735;25800;212196
3800;56725;26790;216178
3800;58462;26251;218453
3800;57196;24612;215608
3900;60843;27747;223004
3900;57486;25328;224142
3900;57883;26658;225848
4000;60032;28561;228694
4000;63341;28360;231537
4000;60154;28639;229831
4100;61421;27852;237795
4100;63181;31737;238365
4100;61000;26602;234951
4200;63936;30490;242916
4200;62783;26511;243484
4200;63971;29443;241777
4300;65737;30545;246898
4300;66201;31317;248035
4300;63232;30050;249173
4400;67092;30795;257706
4400;69003;33632;252586
4400;65768;30620;256568
4500;67458;31034;260551
4500;68481;32632;264533
4500;67633;29512;262826
4600;70746;33852;268515
4600;72078;35525;268515
4600;69685;34029;265671
4700;73654;31354;269653
4700;70474;32424;274204
4700;69833;33605;276480
4800;75258;37537;334507
4800;75438;34399;279324
4800;74876;34687;275911
4900;75856;37383;285582
4900;78568;38807;294115
4900;73375;34293;289564
5000;77643;36824;290133
5000;76526;32755;287858
5000;77330;37056;298667
5100;75151;36630;300942
5100;76548;37097;296960
5100;77824;37304;298098
5200;78216;37935;303787
5200;79792;34958;307768
5200;77786;35290;301511
5300;78661;37359;309475
5300;79165;35259;308906
5300;78910;37576;314595
5400;81861;38032;315165
5400;82764;38132;313458
5400;83006;40346;315165
5500;86100;37003;325404
5500;81574;35517;323698
5500;82843;37250;323697
5600;87282;37361;325405
5600;84489;39808;328818
5600;83728;38944;332799
5700;87855;43233;336782
5700;88792;39502;331093
5700;87996;40625;340764
5800;90169;43669;345315
5800;87048;40229;339057
5800;87238;41260;345884
5900;89786;39252;344178
5900;87581;42585;353280
5900;88001;39746;345884
6000;92258;46118;349867
6000;92976;40122;352142
6000;90792;44614;347022
6100;92531;40257;352710
6100;94807;46005;358969
6100;93667;44616;357262
6200;96263;43784;361244
6200;95028;46570;366933
6200;94987;48138;366933
6300;97579;49939;373191
6300;94752;45790;372053
6300;93814;42636;371484
6400;96757;46213;374898
6400;99357;46135;373191
6400;99145;44393;370346
6500;101264;49117;378880
6500;98175;44495;385707
6500;103060;49998;390827
6600;97858;45573;389120
6600;99037;46010;386845
6600;100140;42620;384000
6700;102831;45493;394240
6700;103920;43774;391396
6700;100155;46681;397084
6800;106486;50896;414720
6800;102842;47363;399928
6800;105002;47002;399929
6900;111689;51530;403910
6900;103625;48131;411307
6900;103690;48375;406187
7000;104582;49643;418133
7000;108029;51357;407893
7000;104379;47790;415858
7100;106990;49085;419840
7100;108806;52808;419271
7100;109702;49539;406755
7200;108499;50871;424390
7200;109713;54527;431786
7200;111462;52619;423253
7300;111811;56335;437475
7300;109890;51911;427235
7300;109636;49430;427804
7400;110821;53312;437475
7400;115260;57185;438613
7400;113577;52037;432356
7500;109992;53138;446577
7500;111698;50018;439182
7500;114193;57029;443164
7600;116149;59683;457386
7600;118157;60811;450559
7600;119065;53921;439182
7700;121348;58176;455111
7700;119813;53818;444302
7700;114022;53653;459662
7800;118184;58299;459662
7800;118342;52812;459093
7800;121645;63384;456817
7900;121329;58736;462506
7900;121875;59635;459093
7900;122267;54729;466489
8000;120952;57982;472746
8000;120653;53644;468195
8000;123114;62980;473884
8100;121961;57148;468764
8100;125663;59509;472746
8100;132299;69436;486399
8200;129719;60133;479573
8200;122906;56478;485261
8200;125374;56511;481849
8300;125464;60747;485262
8300;128843;58933;500621
8300;126093;59973;486969
8400;131465;59872;502328
8400;129013;61459;494364
8400;128699;59635;490951
8500;128039;57523;501190
8500;128992;62175;499484
8500;132623;60753;496071
8600;133848;68863;510293
8600;131507;59288;507448
8600;142331;66836;504604
8700;130920;62257;514275
8700;137361;64586;517119
8700;134602;66533;511999
8800;137166;60899;522808
8800;136352;71816;516550
8800;138372;65634;523377
8900;133745;60694;646257
8900;134243;61837;530773
8900;135531;61091;517688
9000;136394;68655;529066
9000;138270;63647;526222
9000;142401;74762;529635
9100;136670;65589;538738
9100;142519;69045;554097
9100;147172;68608;540444
9200;140333;70493;548408
9200;144365;74178;548408
9200;137586;67669;548409
9300;144794;69051;544995
9300;142881;69288;544995
9300;142251;72169;549546
9400;140351;67379;552959
9400;142746;68627;555235
9400;141201;67355;559218
9500;143658;67054;553529
9500;148448;78361;561493
9500;143074;67508;556373
9600;150669;72576;562062
9600;148946;71342;570595
9600;152019;69724;559786
9700;153038;68689;558649
9700;147694;71325;563768
9700;149210;70442;567182
9800;147209;73426;577991
9800;147193;69037;584249
9800;152095;69863;564906
9900;156078;66888;575715
9900;151540;74316;580835
9900;151809;76370;583680
10000;155180;80111;589937
10000;153544;73345;577991
10000;152492;80086;592782
