100;4950;99;112071
100;4950;99;108658
100;4950;99;108658
200;19900;199;570026
200;19900;199;413581
200;19900;199;410169
300;44850;299;170098
300;44850;299;151893
300;44850;299;148480
400;79800;399;258275
400;79800;399;315733
400;79800;399;299235
500;124750;499;399359
500;124750;499;354417
500;124750;499;201955
600;179700;599;245191
600;179700;599;246329
600;179700;599;264533
700;244650;699;245191
700;244650;699;237795
700;244650;699;235520
800;319600;799;304924
800;319600;799;306631
800;319600;799;541013
900;404550;899;711679
900;404550;899;711680
900;404550;899;723626
1000;499500;999;919323
1000;499500;999;460800
1000;499500;999;461369
1100;604450;1099;565475
1100;604450;1099;554097
1100;604450;1099;558079
1200;719400;1199;651377
1200;719400;1199;654222
1200;719400;1199;651946
1300;844350;1299;758897
1300;844350;1299;760603
1300;844350;1299;758329
1400;979300;1399;878363
1400;979300;1399;877795
1400;979300;1399;874951
1500;1124250;1499;997830
1500;1124250;1499;997830
1500;1124250;1499;1027413
1600;1279200;1599;1146879
1600;1279200;1599;1134933
1600;1279200;1599;1128674
1700;1444150;1699;1273172
1700;1444150;1699;1273741
1700;1444150;1699;1269759
1800;1619100;1799;1421083
1800;1619100;1799;1420514
1800;1619100;1799;1417670
1900;1804050;1899;1596870
1900;1804050;1899;1588905
1900;1804050;1899;1575252
2000;1999000;1999;1745918
2000;1999000;1999;1742505
2000;1999000;1999;1740799
2100;2203950;2099;1916585
2100;2203950;2099;1917723
2100;2203950;2099;1975749
2200;2418900;2199;2138451
2200;2418900;2199;2096922
2200;2418900;2199;2135607
2300;2643850;2299;3473064
2300;2643850;2299;2285793
2300;2643850;2299;2298309
2400;2878800;2399;2481492
2400;2878800;2399;2527003
2400;2878800;2399;2476940
2500;3123750;2499;2686860
2500;3123750;2499;2694256
2500;3123750;2499;2684584
2600;3378700;2599;2928068
2600;3378700;2599;2904175
2600;3378700;2599;2899624
2700;3643650;2699;3136851
2700;3643650;2699;3121491
2700;3643650;2699;3119784
2800;3918600;2799;3353597
2800;3918600;2799;3354735
2800;3918600;2799;3350753
2900;4203550;2899;4351428
2900;4203550;2899;3627801
2900;4203550;2899;3639179
3000;4498500;2999;3837721
3000;4498500;2999;3842841
3000;4498500;2999;3845686
3100;4803450;3099;4097134
3100;4803450;3099;4089170
3100;4803450;3099;4092014
3200;5118400;3199;4366787
3200;5118400;3199;4359961
3200;5118400;3199;4354841
3300;5443350;3299;4623925
3300;5443350;3299;4627338
3300;5443350;3299;4625063
3400;5778300;3399;4899836
3400;5778300;3399;4898129
3400;5778300;3399;4912351
3500;6123250;3499;5192813
3500;6123250;3499;5191676
3500;6123250;3499;5198502
3600;6478200;3599;5480102
3600;6478200;3599;5490910
3600;6478200;3599;5494324
3700;6843150;3699;5789578
3700;6843150;3699;5790146
3700;6843150;3699;5917008
3800;7218100;3799;6187230
3800;7218100;3799;6112706
3800;7218100;3799;6105879
3900;7603050;3899;6431284
3900;7603050;3899;6417061
3900;7603050;3899;6732225
4000;7998000;3999;6760101
4000;7998000;3999;6747585
4000;7998000;3999;6750999
4100;8402950;4099;7072420
4100;8402950;4099;7087780
4100;8402950;4099;7083798
4200;8817900;4199;7449593
4200;8817900;4199;7419442
4200;8817900;4199;7420011
4300;9242850;4299;7784100
4300;9242850;4299;7777273
4300;9242850;4299;7772153
4400;9677800;4399;8214180
4400;9677800;4399;8154446
4400;9677800;4399;8163548
4500;10122750;4499;8608419
4500;10122750;4499;8553238
4500;10122750;4499;8516829
4600;10577700;4599;8959992
4600;10577700;4599;8904241
4600;10577700;4599;8887174
4700;11042650;4699;9291654
4700;11042650;4699;9299050
4700;11042650;4699;9413965
4800;11517600;4799;11047812
4800;11517600;4799;9884436
4800;11517600;4799;9695565
4900;12002550;4899;10065912
4900;12002550;4899;10052259
4900;12002550;4899;10101182
5000;12497500;4999;10459582
5000;12497500;4999;10480063
5000;12497500;4999;10463565
5100;13002450;5099;10907866
5100;13002450;5099;10894213
5100;13002450;5099;10951671
5200;13517400;5199;11303812
5200;13517400;5199;11320879
5200;13517400;5199;11307794
5300;14042350;5299;11749252
5300;14042350;5299;11739581
5300;14042350;5299;11758355
5400;14577300;5399;12181038
5400;14577300;5399;12187296
5400;14577300;5399;12182746
5500;15122250;5499;12652078
5500;15122250;5499;12656060
5500;15122250;5499;12647527
5600;15677200;5599;13089553
5600;15677200;5599;13087278
5600;15677200;5599;13086709
5700;16242150;5699;13562299
5700;16242150;5699;13547508
5700;16242150;5699;13565713
5800;16817100;5799;14015135
5800;16817100;5799;14039028
5800;16817100;5799;14020824
5900;17402050;5899;16145053
5900;17402050;5899;14518032
5900;17402050;5899;14549890
6000;17997000;5999;14989640
6000;17997000;5999;14991348
6000;17997000;5999;14991916
6100;18601950;6099;15506760
6100;18601950;6099;15523258
6100;18601950;6099;15531791
6200;19216900;6199;16061996
6200;19216900;6199;16015915
6200;19216900;6199;16031275
6300;19841850;6299;16530190
6300;19841850;6299;16521088
6300;19841850;6299;16554084
6400;20476800;6399;17048447
6400;20476800;6399;17054706
6400;20476800;6399;17035932
6500;21121750;6499;17585478
6500;21121750;6499;17575238
6500;21121750;6499;17563292
6600;21776700;6599;18142989
6600;21776700;6599;18120233
6600;21776700;6599;18109993
6700;22441650;6699;18676606
6700;22441650;6699;18780713
6700;22441650;6699;18661815
6800;23116600;6799;19210223
6800;23116600;6799;19235254
6800;23116600;6799;19269957
6900;23801550;6899;19797316
6900;23801550;6899;19775699
6900;23801550;6899;19800161
7000;24496500;6999;20376445
7000;24496500;6999;20380427
7000;24496500;6999;20341742
7100;25201450;7099;20970933
7100;25201450;7099;20946471
7100;25201450;7099;20940782
7200;25916400;7199;21545511
7200;25916400;7199;21523892
7200;25916400;7199;21540960
7300;26641350;7299;22128621
7300;26641350;7299;22114968
7300;26641350;7299;22114399
7400;27376300;7399;22720265
7400;27376300;7399;22729368
7400;27376300;7399;22697509
7500;28121250;7499;23346042
7500;28121250;7499;23339784
7500;28121250;7499;23323287
7600;28876200;7599;25967480
7600;28876200;7599;23977508
7600;28876200;7599;24946326
7700;29641150;7699;24583375
7700;29641150;7699;24611819
7700;29641150;7699;24612388
7800;30416100;7799;25256369
7800;30416100;7799;25226788
7800;30416100;7799;25207445
7900;31201050;7899;25878734
7900;31201050;7899;25882715
7900;31201050;7899;25865080
8000;31996000;7999;26533525
8000;31996000;7999;26531249
8000;31996000;7999;26534662
8100;32800950;8099;27196279
8100;32800950;8099;27190590
8100;32800950;8099;27177506
8200;33615900;8199;27873256
8200;33615900;8199;27882359
8200;33615900;8199;27849363
8300;34440850;8299;28517807
8300;34440850;8299;28590056
8300;34440850;8299;28535443
8400;35275800;8399;29269309
8400;35275800;8399;29242571
8400;35275800;8399;29198197
8500;36120750;8499;29950836
8500;36120750;8499;29882570
8500;36120750;8499;29904188
8600;36975700;8599;30612453
8600;36975700;8599;30681858
8600;36975700;8599;30658534
8700;37840650;8699;31414587
8700;37840650;8699;31379316
8700;37840650;8699;33462016
8800;38715600;8799;32026711
8800;38715600;8799;32279865
8800;38715600;8799;32124559
8900;39600550;8899;43655358
8900;39600550;8899;50288029
8900;39600550;8899;33305572
9000;40495500;8999;33521749
9000;40495500;8999;33510941
9000;40495500;8999;33710052
9100;41400450;9099;34664077
9100;41400450;9099;34348344
9100;41400450;9099;34356308
9200;42315400;9199;35197695
9200;42315400;9199;35688646
9200;42315400;9199;35188592
9300;43240350;9299;35863294
9300;43240350;9299;35919613
9300;43240350;9299;35913355
9400;44175300;9399;36583507
9400;44175300;9399;36613657
9400;44175300;9399;36527187
9500;45120250;9499;37299737
9500;45120250;9499;37318510
9500;45120250;9499;37307702
9600;46075200;9599;38091061
9600;46075200;9599;38122349
9600;46075200;9599;38889780
9700;47040150;9699;38865887
9700;47040150;9699;38897175
9700;47040150;9699;38903434
9800;48015100;9799;39732873
9800;48015100;9799;39731735
9800;48015100;9799;39683380
9900;49000050;9899;40474134
9900;49000050;9899;40536143
9900;49000050;9899;40488925
10000;49995000;9999;41294471
10000;49995000;9999;41336000
10000;49995000;9999;41530560
