100;4996;2399;150756
100;5024;2413;94436
100;5346;2574;100124
200;18928;9265;351573
200;21908;10755;406755
200;21172;10387;396515
300;44624;22013;832284
300;45152;22277;122311
300;46156;22779;158152
400;79672;39437;148480
400;77276;38239;143360
400;78460;38831;147342
500;123978;61490;226986
500;130628;64815;238934
500;124854;61928;229262
600;173906;86354;334507
600;186834;92818;343608
600;180604;89703;347022
700;246194;122398;495502
700;240878;119740;191715
700;241342;119972;191147
800;323130;160766;227555
800;314266;156334;229262
800;322334;160368;288427
900;407958;203080;364088
900;402972;200587;359538
900;400476;199339;357831
1000;509946;253974;485261
1000;509798;253900;411306
1000;498546;248274;401066
1100;607254;302528;489244
1100;604954;301378;487538
1100;615552;306677;497208
1200;709644;353623;572302
1200;723948;360775;584817
1200;731104;364353;588799
1300;851116;424259;686648
1300;805916;401659;649671
1300;847792;422597;684941
1400;1003698;500450;809528
1400;1000632;498917;807821
1400;996014;496608;804408
1500;1102740;549871;893724
1500;1125530;561266;928426
1500;1123226;560114;906809
1600;1325978;661390;1082595
1600;1256666;626734;1014897
1600;1269120;632961;1024568
1700;1480504;738553;1197510
1700;1459922;728262;1179875
1700;1493584;745093;1207181
1800;1621090;808746;1313564
1800;1636714;816558;1322666
1800;1615556;805979;1305030
1900;1821608;908905;1471715
1900;1751930;874066;1415394
1900;1832936;914569;1539412
2000;1988982;992492;1639537
2000;2019766;1007884;1665137
2000;1957610;976806;1609385
2100;2205046;1100424;1783465
2100;2215460;1105631;1793706
2100;2212714;1104258;1801101
2200;2406690;1201146;1973474
2200;2414612;1205107;1954701
2200;2432446;1214024;1988265
2300;2658936;1327169;2337562
2300;2665230;1330316;2162345
2300;2660800;1328101;2294327
2400;2904986;1450094;2393314
2400;2886470;1440836;2338131
2400;2890788;1442995;2340976
2500;3056568;1525785;2471820
2500;3041186;1518094;2471820
2500;3085584;1540293;2497420
2600;3345878;1670340;2708478
2600;3400094;1697448;2751144
2600;3415918;1705360;2769349
2700;3605878;1800240;2919535
2700;3585036;1789819;2905882
2700;3628028;1811315;2937171
2800;3942880;1968641;3194878
2800;3990492;1992447;3242663
2800;3893192;1943797;3198859
2900;4256076;2125139;3531090
2900;4165308;2079755;3433810
2900;4223904;2109053;3421864
3000;4547784;2270893;3684690
3000;4480534;2237268;3630646
3000;4539718;2266860;3682984
3100;4744216;2369009;3851943
3100;4819578;2406690;3904850
3100;4750056;2371929;3849099
3200;5115148;2554375;4144352
3200;5073724;2533663;4112494
3200;5161962;2577782;4185881
3300;5436148;2714775;4412867
3300;5459922;2726662;4465774
3300;5478384;2735893;4441880
3400;5683614;2838408;4613116
3400;5827888;2910545;4725756
3400;5787934;2890568;4772973
3500;6088506;3040754;4934538
3500;6148898;3070950;4987445
3500;6161866;3077434;4993133
3600;6534420;3263611;5294644
3600;6449814;3221308;5232066
3600;6389506;3191154;5188262
3700;6673424;3333013;5410129
3700;6927918;3460260;5633133
3700;6974278;3483440;5684901
3800;7271978;3632190;5899941
3800;7197658;3595030;5836795
3800;7259034;3625718;5886289
3900;7706184;3849193;6258911
3900;7530290;3761246;6106448
3900;7625816;3809009;6191782
4000;7810878;3901440;6330590
4000;8030988;4011495;6530270
4000;7968820;3980411;6460297
4100;8374534;4183168;6801629
4100;8204648;4098225;6647461
4100;8327202;4159502;6765790
4200;8813890;4402746;7146376
4200;8797176;4394389;7149220
4200;8818280;4404941;7153772
4300;9097118;4544260;7394411
4300;9236656;4614029;7490554
4300;9317650;4654526;7576456
4400;9669612;4830407;7851228
4400;9902210;4946706;8039530
4400;9755638;4873420;7944527
4500;10168858;5079930;8247175
4500;10062208;5026605;8252295
4500;10049188;5020095;8261966
4600;10621268;5306035;8617521
4600;10523418;5257110;8548686
4600;10558364;5274583;8564046
4700;11028448;5509525;8952028
4700;10767042;5378822;8874659
4700;11054692;5522647;9068081
4800;11350732;5670567;9435583
4800;11496088;5743245;9370730
4800;11627232;5808817;9442979
4900;11960054;5975128;9889556
4900;12007144;5998673;9928240
4900;11906094;5948148;9705805
5000;12566764;6278383;10206996
5000;12615136;6302569;10245680
5000;12508056;6249029;10156365
5100;13018160;6503981;10563120
5100;12989860;6489831;10537520
5100;13063792;6526797;10596116
5200;13757118;6873360;11165573
5200;13542574;6766088;11001733
5200;13469598;6729600;10927778
5300;14037744;7013573;11388577
5300;14336826;7163114;11630923
5300;14169776;7079589;11501217
5400;14443142;7216172;11728204
5400;14380366;7184784;11665057
5400;14696142;7342672;11927883
5500;15182604;7585803;12320985
5500;15062832;7525917;12221429
5500;15025874;7507438;12190709
5600;15700920;7844861;12754478
5600;15913476;7951139;12919456
5600;15596180;7792491;12662887
5700;16357726;8173164;13284113
5700;16112146;8050374;13081589
5700;16245008;8116805;13187971
5800;16856982;8422692;13687455
5800;16819168;8403785;13711349
5800;16742670;8365536;13587330
5900;17409146;8698674;14349641
5900;17589896;8789049;14289907
5900;17293492;8640847;14041873
6000;18064920;9026461;14668219
6000;18189176;9088589;14769480
6000;17896950;8942476;14537374
6100;18553196;9270499;15173391
6100;18451986;9219894;14985659
6100;18707900;9347851;15189321
6200;19236106;9611854;15615987
6200;19331358;9659480;15691080
6200;18962980;9475291;15385587
6300;19741378;9864390;16075079
6300;19791176;9889289;16374314
6300;19884162;9935782;16147329
6400;20596750;10291976;16722475
6400;20281064;10134133;16464200
6400;20406748;10196975;16558635
6500;21145466;10566234;17438705
6500;20840434;10413718;17240732
6500;21233622;10610312;17565567
6600;21873220;10930011;17750456
6600;21621036;10803919;17544518
6600;21954998;10970900;17822705
6700;22326610;11156606;18123647
6700;22533564;11260083;18525282
6700;22442804;11214703;18561690
6800;23157300;11571851;19151628
6800;23181858;11584130;19151628
6800;23032024;11509213;18699362
6900;23514138;11750170;19102135
6900;23823112;11904657;19544730
6900;23833004;11909603;19353584
7000;24912566;12449284;20254133
7000;24963534;12474768;20264374
7000;24894494;12440248;20505583
7100;25512054;12748928;21100640
7100;25245648;12615725;20882755
7100;25084730;12535266;20772960
7200;26070996;13028299;21172320
7200;25981382;12983492;21087556
7200;25835084;12910343;20976623
7300;26849600;13417501;21796959
7300;26523858;13254630;21539821
7300;26397416;13191409;21422062
7400;27727984;13856593;22521723
7400;27398128;13691665;22248656
7400;27513220;13749211;22341954
7500;28096796;14040899;22814700
7500;28226028;14105515;22911411
7500;28466972;14225987;23116212
7600;28684190;14334496;23331251
7600;29148806;14566804;23674291
7600;28778052;14381427;23803997
7700;29959702;14972152;24784192
7700;29691510;14838056;24458220
7700;29937686;14961144;24603286
7800;30412528;15198465;24703978
7800;30403232;15193817;24690325
7800;30188312;15086357;24502593
7900;31370076;15677139;25584049
7900;31126018;15555110;25281970
7900;31123690;15553946;25273436
8000;31803490;15893746;25830378
8000;31683484;15833743;25730822
8000;32419570;16201786;26376510
8100;33233504;16608653;26992048
8100;32393370;16188586;26308813
8100;32657776;16320789;26521008
8200;33848648;16916125;27620670
8200;33572528;16778065;27265115
8200;33837978;16910790;27877808
8300;34626210;17304806;28328935
8300;34448730;17216066;28000118
8300;34368444;17175923;27936403
8400;35099106;17541154;28490500
8400;35156428;17569815;28545683
8400;35491112;17737157;28823869
8500;36094964;18038983;29822268
8500;35973810;17978406;29764810
8500;36212840;18097921;29930926
8600;36761022;18371912;29883139
8600;37277022;18629912;30817253
8600;37559796;18771299;30857076
8700;37808722;18895662;30974835
8700;37386456;18684529;30394001
8700;37664810;18823706;30581165
8800;39017856;19500129;31692773
8800;39332556;19657479;31948203
8800;39068134;19525268;31803706
8900;39840390;19911296;48527319
8900;39348420;19665311;33024541
8900;39571986;19777094;32762852
9000;40077696;20029849;32746924
9000;40409682;20195842;33117838
9000;40422754;20202378;32953429
9100;41235524;20608663;33589447
9100;41354252;20668027;34004736
9100;42056212;21019007;34623117
9200;42412774;21197188;34454157
9200;42148944;21065273;34499668
9200;42001108;20991355;34410922
9300;43646056;21813729;35731880
9300;43095902;21538652;35098708
9300;43563176;21772289;35413872
9400;44140392;22060797;35865001
9400;44233462;22107332;35939525
9400;43983720;21982461;35732450
9500;44837320;22409161;36419667
9500;45375396;22678199;36860555
9500;44950326;22465664;36515240
9600;45729610;22855206;37139310
9600;46109634;23045218;37447079
9600;46662526;23321664;37960785
9700;47145630;23563116;38299274
9700;47471586;23726094;38577460
9700;46994626;23487614;38256607
9800;48112520;24046461;39091167
9800;48251258;24115830;39200962
9800;48379198;24179800;39306776
9900;48914796;24447499;39731735
9900;49529776;24754989;40227237
9900;49359294;24669748;40103219
10000;49594224;24787113;40297210
10000;49582848;24781425;40293797
10000;49848678;24914340;40550934
