100;1872;574;151324
100;1932;594;20480
100;1914;588;27876
200;4401;1367;29013
200;4335;1345;29582
200;4398;1366;33564
300;7122;2224;44373
300;7104;2218;44942
300;7119;2223;44373
400;9948;3116;60871
400;9897;3099;59165
400;9936;3112;71111
500;12915;4055;56889
500;12831;4027;55751
500;12861;4037;57457
600;16041;5047;69404
600;15873;4991;68266
600;15879;4993;70542
700;19116;6022;80214
700;19218;6056;81920
700;19128;6026;80213
800;22311;7037;117191
800;22245;7015;91591
800;22242;7014;144498
900;25524;8058;186026
900;25530;8060;165547
900;25524;8058;164408
1000;28617;9039;121742
1000;28761;9087;116053
1000;28737;9079;116053
1100;32070;10140;129138
1100;32121;10157;130276
1100;32073;10141;130275
1200;35517;11239;142222
1200;35457;11219;141653
1200;35649;11283;142222
1300;38889;12313;155306
1300;39000;12350;157582
1300;38847;12299;153600
1400;42300;13400;200249
1400;42147;13349;167253
1400;42378;13426;166684
1500;45939;14563;180907
1500;45939;14563;180906
1500;45882;14544;183182
1600;49383;15661;195129
1600;49314;15638;192284
1600;49260;15620;196267
1700;52707;16719;180906
1700;53022;16824;153600
1700;52830;16760;146774
1800;56463;17921;158720
1800;56379;17893;157013
1800;56649;17983;157013
1900;59934;19028;169529
1900;59919;19023;166116
1900;60036;19062;167254
2000;63519;20173;178062
2000;63525;20175;177493
2000;63462;20154;182613
2100;66921;21257;187164
2100;67164;21338;184889
2100;67074;21308;224142
2200;70740;22480;196836
2200;70761;22487;251449
2200;70857;22519;197973
2300;74448;23666;216746
2300;74307;23619;196836
2300;74268;23606;197404
2400;78225;24875;213902
2400;78216;24872;210489
2400;78036;24812;204800
2500;82062;26104;215040
2500;82224;26158;216178
2500;81987;26079;215609
2600;85686;27262;225849
2600;85530;27210;224711
2600;85692;27264;224711
2700;89514;28488;233244
2700;89499;28483;234382
2700;89340;28430;234382
2800;93087;29629;243484
2800;92910;29570;244622
2800;93252;29684;243485
2900;96765;30805;253155
2900;97104;30918;254293
2900;96741;30797;257137
3000;100779;32093;261689
3000;100725;32075;262827
3000;100638;32046;263964
3100;104535;33295;276480
3100;104394;33248;277049
3100;104784;33378;273067
3200;108387;34529;283306
3200;108414;34538;282738
3200;108387;34529;282169
3300;112110;35720;290702
3300;111993;35681;293546
3300;111894;35648;292977
3400;115989;36963;301511
3400;115731;36877;299235
3400;115758;36886;301511
3500;119853;38201;314026
3500;120042;38264;315164
3500;119628;38126;310613
3600;123381;39327;320284
3600;123537;39379;322560
3600;123591;39397;321422
3700;127401;40617;332231
3700;127461;40637;331093
3700;127224;40558;366933
3800;131202;41834;339626
3800;131226;41842;341902
3800;131172;41824;341903
3900;134844;42998;353280
3900;135297;43149;354987
3900;135105;43085;348728
4000;138936;44312;357831
4000;139011;44337;360106
4000;138975;44325;365226
4100;142854;45568;373759
4100;143004;45618;375466
4100;142776;45542;371485
4200;146712;46804;382862
4200;146559;46753;381155
4200;146718;46806;382862
4300;150852;48134;393102
4300;150852;48134;391964
4300;150891;48147;390826
4400;154656;49352;403342
4400;154641;49347;402204
4400;154542;49314;413581
4500;158790;50680;413013
4500;158487;50579;410168
4500;158661;50637;410168
4600;162591;51897;421547
4600;162882;51994;419271
4600;162660;51920;422115
4700;166740;53230;435199
4700;166779;53243;441457
4700;166677;53209;430080
4800;170757;54519;461369
4800;170946;54582;440889
4800;170628;54476;442595
4900;174816;55822;455110
4900;174903;55851;453404
4900;175035;55895;452266
5000;178794;57098;460800
5000;178896;57132;462506
5000;178683;57061;459092
5100;182679;58343;469333
5100;182985;58445;470471
5100;182721;58357;475591
5200;186438;59546;480142
5200;186762;59654;481848
5200;186906;59702;479573
5300;190764;60938;488106
5300;190845;60965;489813
5300;190875;60975;493226
5400;194937;62279;500622
5400;195090;62330;509724
5400;194823;62241;502897
5500;198867;63539;509155
5500;199062;63604;508587
5500;198909;63553;509724
5600;203055;64885;522240
5600;203229;64943;523378
5600;203253;64951;519964
5700;207168;66206;531342
5700;207093;66181;531342
5700;207234;66228;530773
5800;211251;67517;544995
5800;210948;67416;542150
5800;211137;67479;541013
5900;215127;68759;552391
5900;215265;68805;553528
5900;215280;68810;552390
6000;219624;70208;560355
6000;219435;70145;563200
6000;219438;70146;560924
6100;223629;71493;575146
6100;223506;71452;574009
6100;223545;71465;568888
6200;227583;72761;582542
6200;227235;72645;591644
6200;227517;72739;585955
6300;231942;74164;593351
6300;231783;74111;593920
6300;231873;74141;592782
6400;235689;75363;603590
6400;236115;75505;607573
6400;235647;75349;602453
6500;239691;76647;613261
6500;240240;76830;619520
6500;239667;76639;612124
6600;243816;77972;632604
6600;243972;78024;622364
6600;243903;78001;625208
6700;247926;79292;631466
6700;247938;79296;637724
6700;248031;79327;633173
6800;252060;80620;643413
6800;252144;80648;642844
6800;252255;80685;645689
6900;256407;82019;654790
6900;256503;82051;656497
6900;256323;81991;656497
7000;260097;83199;667875
7000;260262;83254;667306
7000;260430;83310;663893
7100;264513;84621;676408
7100;264771;84707;674133
7100;264549;84633;678684
7200;268404;85868;686079
7200;268263;85821;682667
7200;268821;86007;687786
7300;272712;87254;693475
7300;272805;87285;695182
7300;272691;87247;692906
7400;276969;88623;702009
7400;277281;88727;705990
7400;277011;88637;706559
7500;281193;89981;716799
7500;281034;89928;714524
7500;280740;89830;718506
7600;285372;91324;723626
7600;285036;91212;723057
7600;284925;91175;730453
7700;289050;92500;740124
7700;289179;92543;737848
7700;289176;92542;738986
7800;293310;93870;746381
7800;293325;93875;748088
7800;293445;93915;757191
7900;297654;95268;760035
7900;297588;95246;758897
7900;297648;95266;758897
8000;301869;96623;771982
8000;301899;96633;773120
8000;301452;96484;770844
8100;305583;97811;775964
8100;306225;98025;777101
8100;306057;97969;778240
8200;309978;99226;799857
8200;309894;99198;795875
8200;310008;99236;794737
8300;314535;100695;800426
8300;314322;100624;803270
8300;314514;100688;812373
8400;318612;102004;816355
8400;318483;101961;818062
8400;318414;101938;810097
8500;323223;103491;821475
8500;322650;103300;822613
8500;322686;103312;819768
8600;327168;104756;830577
8600;327102;104734;839679
8600;327129;104743;831715
8700;331611;106187;841955
8700;331815;106255;845368
8700;331311;106087;843092
8800;335580;107460;853901
8800;335340;107380;851626
8800;335577;107459;854470
8900;340116;108922;866986
8900;340344;108998;972230
8900;340182;108944;861298
9000;344436;110312;873813
9000;344361;110287;883484
9000;344190;110230;876657
9100;348510;111620;881777
9100;348894;111748;886898
9100;348405;111585;910790
9200;352776;112992;894861
9200;353256;113152;901688
9200;352689;112963;897706
9300;357048;114366;911928
9300;357105;114385;910790
9300;357294;114448;906808
9400;361170;115690;918185
9400;361515;115805;917617
9400;362034;115978;919324
9500;366174;117308;932408
9500;365943;117231;928426
9500;366165;117305;934683
9600;370044;118548;938097
9600;369906;118502;941510
9600;370020;118540;938666
9700;374286;119912;951181
9700;374199;119883;951182
9700;374184;119878;951750
9800;378816;121372;971092
9800;379038;121446;963128
9800;378798;121366;960853
9900;383250;122800;971661
9900;383028;122726;971662
9900;382794;122648;972230
10000;387105;124035;983608
10000;387762;124254;981332
10000;387981;124327;984745
