100;736;374;54044
100;911;312;36408
100;904;460;62008
200;1670;830;60302
200;1784;910;19911
200;1918;1072;12515
300;2985;1313;20480
300;3165;2034;21618
300;2717;1485;22187
400;4225;2464;42667
400;3976;2221;28444
400;4037;2104;27875
500;5681;3049;38684
500;5395;3020;37546
500;5087;2379;40960
600;6758;3323;46649
600;6684;3303;40960
600;6712;3774;30720
700;7750;4045;36978
700;7601;3709;38116
700;8383;3623;35840
800;8908;4415;43235
800;9244;4517;43235
800;9208;4431;61440
900;9974;5442;72818
900;11797;5944;72249
900;10400;5076;74525
1000;12350;5995;53476
1000;12359;5683;74524
1000;12543;6404;60303
1100;13639;6721;65991
1100;13120;6615;65422
1100;14002;7407;64853
1200;14602;7608;72249
1200;14437;7128;72817
1200;15567;8757;72817
1300;16325;9332;80783
1300;15771;8480;80782
1300;15541;7912;77938
1400;17493;9676;86471
1400;18274;9077;83626
1400;20683;10913;89885
1500;20284;10434;93298
1500;19215;9070;92729
1500;19665;10759;93298
1600;21894;11034;97849
1600;21912;12562;101262
1600;20447;10736;100124
1700;24728;12980;105814
1700;23711;12824;107520
1700;23207;12497;108658
1800;25405;13005;112640
1800;27330;15467;115485
1800;25723;11145;108657
1900;26168;14229;120036
1900;27748;15569;122880
1900;24953;14046;121173
2000;26187;15188;129707
2000;27721;14472;126294
2000;27556;15035;130276
2100;30093;17262;134826
2100;29460;15971;139377
2100;32636;18608;158151
2200;28964;16803;141653
2200;30853;14491;141084
2200;31722;15596;138809
2300;32775;18962;149049
2300;31816;17883;149618
2300;29907;17138;149049
2400;34101;18379;157013
2400;33374;16615;153600
2400;34019;18826;156444
2500;35104;16508;157582
2500;37137;21512;160996
2500;35944;19136;163271
2600;39419;20299;166116
2600;39183;23128;170098
2600;35075;18403;166684
2700;37975;19379;174649
2700;37368;20892;173511
2700;39819;21354;174080
2800;40645;23204;182613
2800;40586;20525;176924
2800;38385;21062;180338
2900;46744;26160;191146
2900;44138;23125;184888
2900;41597;22263;187164
3000;43638;23902;196266
3000;45379;24360;195697
3000;42726;23544;196267
3100;45795;25018;203662
3100;45060;24726;208783
3100;47926;25129;208213
3200;47257;24620;207644
3200;46325;27208;211058
3200;49649;26779;209351
3300;50060;28355;218453
3300;54997;25600;215608
3300;47195;25335;213333
3400;51502;30756;221298
3400;54169;26086;221298
3400;51524;26497;220160
3500;56483;27218;230400
3500;52719;30093;228693
3500;52071;29764;237795
3600;55404;30773;232676
3600;54876;30070;232676
3600;54191;31527;243484
3700;57149;30615;242347
3700;54993;29182;244622
3700;58447;32522;245190
3800;59105;31552;248036
3800;59148;35331;254293
3800;57756;32708;256000
3900;60976;31952;253724
3900;57547;31926;259413
3900;62278;36061;259414
4000;65609;41875;268516
4000;60740;33084;263395
4000;65258;39614;269084
4100;60676;34370;269084
4100;64366;36662;264533
4100;64779;37034;270791
4200;62942;34457;279324
4200;69132;34306;273635
4200;66067;36419;285583
4300;65365;34876;283875
4300;68647;37079;281599
4300;69650;36319;285582
4400;67582;41778;291271
4400;66768;39416;289564
4400;65643;36419;290702
4500;68601;39063;296391
4500;74003;43901;302649
4500;72624;43477;298097
4600;76256;46465;309475
4600;77355;42258;305493
4600;68575;39891;303217
4700;78529;42894;312320
4700;75476;46284;320285
4700;73006;41973;332231
4800;84058;47369;373759
4800;74547;44696;319716
4800;74255;42252;318577
4900;80883;48692;328249
4900;85876;48074;332800
4900;81812;47223;328818
5000;94936;45030;333369
5000;80644;46016;334506
5000;83045;47437;332230
5100;77914;44467;339057
5100;85654;50724;343040
5100;82254;44244;340764
5200;88103;50707;344746
5200;85330;47713;344178
5200;83105;47892;344746
5300;84883;48028;350435
5300;86320;47781;351572
5300;83001;49414;356693
5400;93925;57687;368640
5400;88450;51414;361244
5400;91190;56135;358399
5500;85885;49661;366933
5500;87740;48250;369777
5500;90228;49388;369778
5600;90594;48846;369208
5600;92915;57745;380586
5600;97455;47993;370346
5700;91214;51928;383431
5700;95501;55910;381155
5700;91349;52183;385706
5800;92522;56978;390827
5800;95259;56283;386845
5800;101762;53412;397084
5900;98446;56037;401635
5900;94418;53515;394240
5900;95069;53409;390827
6000;105288;66329;408462
6000;99342;54506;404479
6000;97851;55150;401066
6100;107036;63268;408462
6100;116895;69351;423253
6100;100926;58427;408462
6200;98168;57120;419839
6200;102360;59383;421546
6200;103993;61972;418133
6300;108633;57554;418133
6300;105138;63132;428373
6300;107630;63582;485831
6400;114407;73333;435768
6400;108153;62746;427804
6400;105882;61485;427805
6500;119555;69504;449421
6500;107944;60341;435768
6500;107743;60152;433493
6600;114666;73453;447146
6600;108885;61049;439751
6600;109600;65541;448284
6700;110515;64444;454542
6700;114164;60892;447715
6700;120617;70112;450560
6800;121869;74549;464213
6800;119196;71213;455111
6800;118812;67518;456248
6900;118567;67320;465351
6900;114628;64608;465351
6900;117535;68248;472747
7000;117117;67956;479004
7000;124304;74160;482417
7000;132825;75963;475591
7100;124021;72392;470471
7100;128031;80516;479005
7100;124755;69702;480142
7200;119467;72431;485262
7200;124718;79227;487538
7200;120460;72796;492089
7300;131576;77447;504604
7300;132104;75198;496640
7300;130697;74060;496640
7400;128677;72980;494933
7400;128274;79536;511999
7400;126404;75852;503466
7500;127226;77278;517120
7500;139306;79066;505173
7500;128754;82553;510293
7600;137979;89398;530204
7600;133315;84745;517120
7600;134306;78984;502897
7700;142767;77185;514844
7700;135103;78202;522240
7700;136087;88155;538169
7800;135015;81962;539306
7800;133324;77965;537599
7800;141114;88957;539306
7900;141651;87230;538168
7900;136159;85003;536462
7900;136452;87250;544995
8000;136449;81309;543289
8000;159446;80851;533617
8000;144197;90113;548978
8100;144281;83680;550115
8100;147265;91848;553529
8100;157841;89667;550684
8200;151502;98652;571164
8200;161508;94876;589368
8200;148052;82207;551253
8300;152673;91178;566613
8300;149618;90814;564337
8300;150625;91663;558080
8400;147926;91932;583110
8400;150389;81462;560923
8400;147759;83074;566044
8500;160836;96061;582542
8500;159957;95642;582542
8500;156666;86384;587093
8600;157278;100603;598471
8600;148651;87506;601315
8600;153089;85775;578559
8700;160771;95444;591075
8700;158948;88768;586524
8700;165694;99137;600746
8800;159819;95591;609279
8800;152639;92983;602453
8800;162250;96459;603022
8900;162112;103595;608142
8900;159787;100360;692906
8900;158343;93944;626346
9000;181800;114225;640569
9000;167058;95540;614400
9000;171140;104764;619519
9100;158576;95928;626346
9100;166248;100349;629759
9100;181935;106228;656497
9200;166982;103164;628053
9200;180745;103617;638293
9200;171001;106698;647963
9300;192136;125830;686079
9300;186959;121053;659910
9300;175481;109506;647395
9400;175918;111185;653653
9400;172717;107396;650809
9400;167790;102206;650808
9500;180199;113510;662755
9500;183411;118383;676409
9500;173221;104868;653653
9600;178079;104728;649101
9600;173158;111629;684941
9600;187182;105159;662755
9700;192828;101967;659911
9700;173564;102595;663324
9700;183610;111938;687218
9800;184188;112987;679822
9800;179990;117545;686648
9800;194748;120522;690630
9900;183937;107498;677546
9900;182783;113839;682097
9900;178509;113428;690061
10000;182911;118273;696319
10000;187818;118172;684942
10000;185470;115112;696319
