100;4950;99;113208
100;4950;99;105814
100;4950;99;107520
100;4950;99;105813
100;4950;99;108089
100;4950;99;108089
100;4950;99;163839
100;4950;99;106951
100;4950;99;105813
100;4950;99;110934
200;19900;199;620657
200;19900;199;124018
200;19900;199;132550
200;19900;199;118898
200;19900;199;122311
200;19900;199;126293
200;19900;199;128000
200;19900;199;125155
200;19900;199;129138
200;19900;199;121742
300;44850;299;337350
300;44850;299;109226
300;44850;299;106382
300;44850;299;106951
300;44850;299;113778
300;44850;299;106951
300;44850;299;107520
300;44850;299;106382
300;44850;299;105813
300;44850;299;105244
400;79800;399;355555
400;79800;399;146773
400;79800;399;143360
400;79800;399;142222
400;79800;399;145067
400;79800;399;143360
400;79800;399;142222
400;79800;399;141653
400;79800;399;143360
400;79800;399;146204
500;124750;499;199111
500;124750;499;190009
500;124750;499;188301
500;124750;499;186595
500;124750;499;135965
500;124750;499;133688
500;124750;499;134257
500;124750;499;134826
500;124750;499;136534
500;124750;499;134826
600;179700;599;189440
600;179700;599;188871
600;179700;599;210489
600;179700;599;188302
600;179700;599;199111
600;179700;599;188871
600;179700;599;188870
600;179700;599;191147
600;179700;599;190008
600;179700;599;217884
700;244650;699;252017
700;244650;699;253155
700;244650;699;255999
700;244650;699;252586
700;244650;699;251448
700;244650;699;253156
700;244650;699;251449
700;244650;699;252017
700;244650;699;253155
700;244650;699;254293
800;319600;799;325973
800;319600;799;324266
800;319600;799;323698
800;319600;799;324266
800;319600;799;335075
800;319600;799;325403
800;319600;799;323128
800;319600;799;325404
800;319600;799;323698
800;319600;799;323697
900;404550;899;405618
900;404550;899;404480
900;404550;899;406755
900;404550;899;405049
900;404550;899;405617
900;404550;899;403342
900;404550;899;406755
900;404550;899;404479
900;404550;899;406186
900;404550;899;405049
1000;499500;999;494933
1000;499500;999;498915
1000;499500;999;494363
1000;499500;999;496071
1000;499500;999;496639
1000;499500;999;495501
1000;499500;999;496070
1000;499500;999;494933
1000;499500;999;497777
1000;499500;999;493795
1100;604450;1099;592782
1100;604450;1099;597332
1100;604450;1099;594488
1100;604450;1099;610417
1100;604450;1099;596763
1100;604450;1099;596195
1100;604450;1099;595057
1100;604450;1099;595626
1100;604450;1099;596764
1100;604450;1099;595057
1200;719400;1199;703145
1200;719400;1199;707697
1200;719400;1199;704853
1200;719400;1199;704283
1200;719400;1199;702576
1200;719400;1199;708835
1200;719400;1199;703146
1200;719400;1199;703145
1200;719400;1199;704852
1200;719400;1199;705422
1300;844350;1299;822612
1300;844350;1299;818630
1300;844350;1299;820337
1300;844350;1299;850488
1300;844350;1299;1555340
1300;844350;1299;1541118
1300;844350;1299;1535429
1300;844350;1299;1487642
1300;844350;1299;1524051
1300;844350;1299;818061
1400;979300;1399;980763
1400;979300;1399;944923
1400;979300;1399;946061
1400;979300;1399;948336
1400;979300;1399;948337
1400;979300;1399;945492
1400;979300;1399;943216
1400;979300;1399;949474
1400;979300;1399;946061
1400;979300;1399;950043
1500;1124250;1499;1080888
1500;1124250;1499;1082594
1500;1124250;1499;1083731
1500;1124250;1499;1092834
1500;1124250;1499;1082594
1500;1124250;1499;1080887
1500;1124250;1499;1082026
1500;1124250;1499;1082025
1500;1124250;1499;1080318
1500;1124250;1499;1081456
1600;1279200;1599;1225385
1600;1279200;1599;1227091
1600;1279200;1599;1224816
1600;1279200;1599;1222540
1600;1279200;1599;1222540
1600;1279200;1599;1221972
1600;1279200;1599;1222540
1600;1279200;1599;1223110
1600;1279200;1599;1222541
1600;1279200;1599;1224247
1700;1444150;1699;1375572
1700;1444150;1699;1446114
1700;1444150;1699;1393776
1700;1444150;1699;1489349
1700;1444150;1699;1375003
1700;1444150;1699;1384673
1700;1444150;1699;1376709
1700;1444150;1699;1407429
1700;1444150;1699;1378415
1700;1444150;1699;1378984
1800;1619100;1799;1535429
1800;1619100;1799;1541118
1800;1619100;1799;1537704
1800;1619100;1799;1539980
1800;1619100;1799;1539980
1800;1619100;1799;1538274
1800;1619100;1799;1540549
1800;1619100;1799;1540548
1800;1619100;1799;1540549
1800;1619100;1799;1541117
1900;1804050;1899;1713490
1900;1804050;1899;1710646
1900;1804050;1899;1705526
1900;1804050;1899;1732264
1900;1804050;1899;1711784
1900;1804050;1899;1706664
1900;1804050;1899;1707802
1900;1804050;1899;1707233
1900;1804050;1899;1712353
1900;1804050;1899;1709509
2000;1999000;1999;1890415
2000;1999000;1999;1899517
2000;1999000;1999;1891553
2000;1999000;1999;1892122
2000;1999000;1999;1887570
2000;1999000;1999;1890984
2000;1999000;1999;1885295
2000;1999000;1999;1888140
2000;1999000;1999;1893259
2000;1999000;1999;1890984
2100;2203950;2099;2079286
2100;2203950;2099;2080424
2100;2203950;2099;2077010
2100;2203950;2099;2075873
2100;2203950;2099;2075873
2100;2203950;2099;2075304
2100;2203950;2099;2079855
2100;2203950;2099;2074735
2100;2203950;2099;2077010
2100;2203950;2099;2075304
2200;2418900;2199;2276690
2200;2418900;2199;2271570
2200;2418900;2199;2280672
2200;2418900;2199;2275552
2200;2418900;2199;2278396
2200;2418900;2199;2278965
2200;2418900;2199;2278397
2200;2418900;2199;2277259
2200;2418900;2199;2287499
2200;2418900;2199;2272139
2300;2643850;2299;2476370
2300;2643850;2299;2479214
2300;2643850;2299;2480921
2300;2643850;2299;2483196
2300;2643850;2299;2486041
2300;2643850;2299;2479215
2300;2643850;2299;2484334
2300;2643850;2299;2482058
2300;2643850;2299;2483196
2300;2643850;2299;2480352
2400;2878800;2399;2707908
2400;2878800;2399;2695960
2400;2878800;2399;2696530
2400;2878800;2399;2699943
2400;2878800;2399;2703925
2400;2878800;2399;2722129
2400;2878800;2399;2698236
2400;2878800;2399;2698805
2400;2878800;2399;2695392
2400;2878800;2399;2695961
2500;3123750;2499;2919533
2500;3123750;2499;2921240
2500;3123750;2499;2914983
2500;3123750;2499;2920103
2500;3123750;2499;2916120
2500;3123750;2499;2923516
2500;3123750;2499;3204546
2500;3123750;2499;2934324
2500;3123750;2499;2928067
2500;3123750;2499;2944564
2600;3378700;2599;3160742
2600;3378700;2599;3182929
2600;3378700;2599;3153346
2600;3378700;2599;3169276
2600;3378700;2599;3150502
2600;3378700;2599;3149933
2600;3378700;2599;3157329
2600;3378700;2599;3148227
2600;3378700;2599;3152209
2600;3378700;2599;3168137
2700;3643650;2699;3400813
2700;3643650;2699;3396262
2700;3643650;2699;3391142
2700;3643650;2699;3399676
2700;3643650;2699;3408777
2700;3643650;2699;3395693
2700;3643650;2699;3401951
2700;3643650;2699;3387159
2700;3643650;2699;3386591
2700;3643650;2699;3392279
2800;3918600;2799;3924759
2800;3918600;2799;3642022
2800;3918600;2799;3654537
2800;3918600;2799;3638609
2800;3918600;2799;3640315
2800;3918600;2799;3644297
2800;3918600;2799;3642022
2800;3918600;2799;3636902
2800;3918600;2799;3636332
2800;3918600;2799;3676155
2900;4203550;2899;3894039
2900;4203550;2899;3898590
2900;4203550;2899;3898021
2900;4203550;2899;3913950
2900;4203550;2899;3899728
2900;4203550;2899;3899158
2900;4203550;2899;3901434
2900;4203550;2899;3903710
2900;4203550;2899;3896314
2900;4203550;2899;3900296
3000;4498500;2999;4168243
3000;4498500;2999;4206358
3000;4498500;2999;4225132
3000;4498500;2999;4171088
3000;4498500;2999;4177346
3000;4498500;2999;4174501
3000;4498500;2999;4170519
3000;4498500;2999;4175639
3000;4498500;2999;4172225
3000;4498500;2999;4177914
3100;4803450;3099;4444723
3100;4803450;3099;4454963
3100;4803450;3099;4451549
3100;4803450;3099;4460083
3100;4803450;3099;4462358
3100;4803450;3099;4443016
3100;4803450;3099;4446998
3100;4803450;3099;4444722
3100;4803450;3099;4444723
3100;4803450;3099;4445292
3200;5118400;3199;4734856
3200;5118400;3199;4728029
3200;5118400;3199;4734855
3200;5118400;3199;4729166
3200;5118400;3199;4763300
3200;5118400;3199;4839531
3200;5118400;3199;4753629
3200;5118400;3199;4732580
3200;5118400;3199;4728028
3200;5118400;3199;4745096
3300;5443350;3299;5035797
3300;5443350;3299;5027833
3300;5443350;3299;5023851
3300;5443350;3299;5193949
3300;5443350;3299;5056846
3300;5443350;3299;5031815
3300;5443350;3299;5019300
3300;5443350;3299;5020437
3300;5443350;3299;5023850
3300;5443350;3299;5021006
3400;5778300;3399;5327637
3400;5778300;3399;5327637
3400;5778300;3399;5323654
3400;5778300;3399;5329343
3400;5778300;3399;5331050
3400;5778300;3399;5328205
3400;5778300;3399;5329913
3400;5778300;3399;5329344
3400;5778300;3399;5328205
3400;5778300;3399;5337877
3500;6123250;3499;5631423
3500;6123250;3499;5648490
3500;6123250;3499;5645645
3500;6123250;3499;5649058
3500;6123250;3499;5637112
3500;6123250;3499;5634837
3500;6123250;3499;5642800
3500;6123250;3499;5639388
3500;6123250;3499;5646215
3500;6123250;3499;5642232
3600;6478200;3599;6023955
3600;6478200;3599;5961947
3600;6478200;3599;5952845
3600;6478200;3599;5970480
3600;6478200;3599;5961947
3600;6478200;3599;5973893
3600;6478200;3599;5957965
3600;6478200;3599;5963654
3600;6478200;3599;5964792
3600;6478200;3599;5958534
3700;6843150;3699;6285644
3700;6843150;3699;6293609
3700;6843150;3699;6297591
3700;6843150;3699;6287920
3700;6843150;3699;6289627
3700;6843150;3699;6282800
3700;6843150;3699;6285075
3700;6843150;3699;6297022
3700;6843150;3699;6282231
3700;6843150;3699;6311245
3800;7218100;3799;6624701
3800;7218100;3799;6628684
3800;7218100;3799;6633235
3800;7218100;3799;6625840
3800;7218100;3799;6632097
3800;7218100;3799;6633235
3800;7218100;3799;6636080
3800;7218100;3799;6628115
3800;7218100;3799;6642337
3800;7218100;3799;6629822
3900;7603050;3899;6979119
3900;7603050;3899;6986514
3900;7603050;3899;6983101
3900;7603050;3899;6979119
3900;7603050;3899;6980825
3900;7603050;3899;6975706
3900;7603050;3899;6980826
3900;7603050;3899;6973430
3900;7603050;3899;6975137
3900;7603050;3899;6973430
4000;7998000;3999;7327279
4000;7998000;3999;7340932
4000;7998000;3999;7341501
4000;7998000;3999;7338087
4000;7998000;3999;7332398
4000;7998000;3999;7332967
4000;7998000;3999;7347190
4000;7998000;3999;7339225
4000;7998000;3999;7336380
4000;7998000;3999;7363687
4100;8402950;4099;7697056
4100;8402950;4099;7700469
4100;8402950;4099;7738584
4100;8402950;4099;7727776
4100;8402950;4099;7696486
4100;8402950;4099;7691936
4100;8402950;4099;7730620
4100;8402950;4099;7695918
4100;8402950;4099;7710140
4100;8402950;4099;7916078
4200;8817900;4199;8084468
4200;8817900;4199;8082761
4200;8817900;4199;8075366
4200;8817900;4199;8070246
4200;8817900;4199;8075367
4200;8817900;4199;8094709
4200;8817900;4199;8071953
4200;8817900;4199;8075367
4200;8817900;4199;8077073
4200;8817900;4199;8071953
4300;9242850;4299;8464486
4300;9242850;4299;8455384
4300;9242850;4299;8455953
4300;9242850;4299;8469037
4300;9242850;4299;8450263
4300;9242850;4299;8466192
4300;9242850;4299;8463348
4300;9242850;4299;8459935
4300;9242850;4299;8451401
4300;9242850;4299;8450264
4400;9677800;4399;8849054
4400;9677800;4399;8845641
4400;9677800;4399;8885463
4400;9677800;4399;8876361
4400;9677800;4399;8853606
4400;9677800;4399;8857588
4400;9677800;4399;8840521
4400;9677800;4399;8849623
4400;9677800;4399;8845640
4400;9677800;4399;8862708
4500;10122750;4499;9260361
4500;10122750;4499;9245569
4500;10122750;4499;9260360
4500;10122750;4499;9263774
4500;10122750;4499;9246707
4500;10122750;4499;9250690
4500;10122750;4499;9246707
4500;10122750;4499;9253534
4500;10122750;4499;9264911
4500;10122750;4499;9242725
4600;10577700;4599;9663702
4600;10577700;4599;9658581
4600;10577700;4599;9671666
4600;10577700;4599;9665408
4600;10577700;4599;9658013
4600;10577700;4599;9676217
4600;10577700;4599;9655169
4600;10577700;4599;9655168
4600;10577700;4599;9649479
4600;10577700;4599;10334989
4700;11042650;4699;10104590
4700;11042650;4699;10119381
4700;11042650;4699;10137017
4700;11042650;4699;10090368
4700;11042650;4699;10094919
4700;11042650;4699;10116537
4700;11042650;4699;10082972
4700;11042650;4699;10078990
4700;11042650;4699;10089230
4700;11042650;4699;10097194
4800;11517600;4799;10526136
4800;11517600;4799;10518741
4800;11517600;4799;10510208
4800;11517600;4799;10628536
4800;11517600;4799;10505657
4800;11517600;4799;10514758
4800;11517600;4799;10509070
4800;11517600;4799;10508501
4800;11517600;4799;10528412
4800;11517600;4799;10523861
4900;12002550;4899;10945406
4900;12002550;4899;10949389
4900;12002550;4899;10949958
4900;12002550;4899;10943700
4900;12002550;4899;10970438
4900;12002550;4899;10949389
4900;12002550;4899;11049513
4900;12002550;4899;10941425
4900;12002550;4899;10950526
4900;12002550;4899;10952233
5000;12497500;4999;11404500
5000;12497500;4999;11393691
5000;12497500;4999;11419859
5000;12497500;4999;11418722
5000;12497500;4999;16529613
5000;12497500;4999;11398811
5000;12497500;4999;11394260
5000;12497500;4999;11417015
5000;12497500;4999;11399379
5000;12497500;4999;11406206
5100;13002450;5099;11844250
5100;13002450;5099;11858472
5100;13002450;5099;11847094
5100;13002450;5099;11846525
5100;13002450;5099;11981352
5100;13002450;5099;11967698
5100;13002450;5099;11839130
5100;13002450;5099;11874401
5100;13002450;5099;11890330
5100;13002450;5099;11888623
5200;13517400;5199;12346578
5200;13517400;5199;12306756
5200;13517400;5199;12310738
5200;13517400;5199;12346009
5200;13517400;5199;12360232
5200;13517400;5199;12328942
5200;13517400;5199;12309032
5200;13517400;5199;12328374
5200;13517400;5199;12334062
5200;13517400;5199;12315858
5300;14042350;5299;12790311
5300;14042350;5299;12771537
5300;14042350;5299;12809653
5300;14042350;5299;12790880
5300;14042350;5299;12786328
5300;14042350;5299;12795431
5300;14042350;5299;12808515
5300;14042350;5299;12789173
5300;14042350;5299;12784053
5300;14042350;5299;12819893
5400;14577300;5399;13333030
5400;14577300;5399;13304585
5400;14577300;5399;13295483
5400;14577300;5399;13281830
5400;14577300;5399;13285243
5400;14577300;5399;13751732
5400;14577300;5399;13267039
5400;14577300;5399;13263057
5400;14577300;5399;13280692
5400;14577300;5399;13267039
5500;15122250;5499;13746612
5500;15122250;5499;13891678
5500;15122250;5499;13757989
5500;15122250;5499;13912727
5500;15122250;5499;13793261
5500;15122250;5499;13752300
5500;15122250;5499;13797811
5500;15122250;5499;13755713
5500;15122250;5499;13737509
5500;15122250;5499;13757989
5600;15677200;5599;14242682
5600;15677200;5599;14242113
5600;15677200;5599;14256335
5600;15677200;5599;14240975
5600;15677200;5599;14244389
5600;15677200;5599;14236993
5600;15677200;5599;14249508
5600;15677200;5599;14248939
5600;15677200;5599;14258042
5600;15677200;5599;14272833
5700;16242150;5699;14752406
5700;16242150;5699;14751268
5700;16242150;5699;14763784
5700;16242150;5699;14762076
5700;16242150;5699;14751268
5700;16242150;5699;14751268
5700;16242150;5699;14758664
5700;16242150;5699;14760939
5700;16242150;5699;14778575
5700;16242150;5699;14767766
5800;16817100;5799;15588102
5800;16817100;5799;15291712
5800;16817100;5799;15306503
5800;16817100;5799;15284316
5800;16817100;5799;15279765
5800;16817100;5799;15286591
5800;16817100;5799;15313329
5800;16817100;5799;15276352
5800;16817100;5799;15436209
5800;16817100;5799;15303658
5900;17402050;5899;15847515
5900;17402050;5899;15800866
5900;17402050;5899;15786644
5900;17402050;5899;15787213
5900;17402050;5899;15812813
5900;17402050;5899;15811106
5900;17402050;5899;15794609
5900;17402050;5899;15799160
5900;17402050;5899;15785507
5900;17402050;5899;15803711
6000;17997000;5999;17357914
6000;17997000;5999;16333914
6000;17997000;5999;16346999
6000;17997000;5999;16336759
6000;17997000;5999;16330501
6000;17997000;5999;16339603
6000;17997000;5999;16334483
6000;17997000;5999;16361221
6000;17997000;5999;16353826
6000;17997000;5999;16314004
6100;18601950;6099;16890287
6100;18601950;6099;16876633
6100;18601950;6099;16873221
6100;18601950;6099;16867531
6100;18601950;6099;16898251
6100;18601950;6099;16871514
6100;18601950;6099;16872652
6100;18601950;6099;16869807
6100;18601950;6099;16867532
6100;18601950;6099;16967656
6200;19216900;6199;18162321
6200;19216900;6199;17747602
6200;19216900;6199;19091315
6200;19216900;6199;17531424
6200;19216900;6199;17495015
6200;19216900;6199;17423335
6200;19216900;6199;17453486
6200;19216900;6199;17426179
6200;19216900;6199;17421060
6200;19216900;6199;17418215
6300;19841850;6299;17987672
6300;19841850;6299;18023512
6300;19841850;6299;18027495
6300;19841850;6299;18012134
6300;19841850;6299;17996205
6300;19841850;6299;17996774
6300;19841850;6299;17990517
6300;19841850;6299;18018392
6300;19841850;6299;18001325
6300;19841850;6299;18009290
6400;20476800;6399;18608329
6400;20476800;6399;18706178
6400;20476800;6399;18603209
6400;20476800;6399;18562818
6400;20476800;6399;18638480
6400;20476800;6399;18557698
6400;20476800;6399;18581591
6400;20476800;6399;18605485
6400;20476800;6399;18596383
6400;20476800;6399;18562249
6500;21121750;6499;19142515
6500;21121750;6499;19172097
6500;21121750;6499;19132275
6500;21121750;6499;19152186
6500;21121750;6499;19139102
6500;21121750;6499;19146497
6500;21121750;6499;19213057
6500;21121750;6499;19143652
6500;21121750;6499;19143652
6500;21121750;6499;19194283
6600;21776700;6599;19722212
6600;21776700;6599;19750656
6600;21776700;6599;19848505
6600;21776700;6599;19734158
6600;21776700;6599;19748381
6600;21776700;6599;19781376
6600;21776700;6599;19886621
6600;21776700;6599;19748950
6600;21776700;6599;19725056
6600;21776700;6599;19792185
6700;22441650;6699;20358798
6700;22441650;6699;20330922
6700;22441650;6699;20356522
6700;22441650;6699;20354247
6700;22441650;6699;21542653
6700;22441650;6699;20351402
6700;22441650;6699;20332060
6700;22441650;6699;20331491
6700;22441650;6699;20326940
6700;22441650;6699;20350833
6800;23116600;6799;20928255
6800;23116600;6799;20939632
6800;23116600;6799;21004486
6800;23116600;6799;22197444
6800;23116600;6799;20964095
6800;23116600;6799;20939064
6800;23116600;6799;20935081
6800;23116600;6799;20927117
6800;23116600;6799;20966370
6800;23116600;6799;20935650
6900;23801550;6899;21572805
6900;23801550;6899;21617178
6900;23801550;6899;21600680
6900;23801550;6899;21629125
6900;23801550;6899;21552325
6900;23801550;6899;21670654
6900;23801550;6899;21574512
6900;23801550;6899;21564271
6900;23801550;6899;21604663
6900;23801550;6899;21578493
7000;24496500;6999;22171275
7000;24496500;6999;22169569
7000;24496500;6999;22198013
7000;24496500;6999;22294724
7000;24496500;6999;22183221
7000;24496500;6999;22381195
7000;24496500;6999;22387453
7000;24496500;6999;22398830
7000;24496500;6999;22197444
7000;24496500;6999;22286759
7100;25201450;7099;22841994
7100;25201450;7099;22801034
7100;25201450;7099;22856785
7100;25201450;7099;22816963
7100;25201450;7099;22828341
7100;25201450;7099;22820945
7100;25201450;7099;22808430
7100;25201450;7099;22962598
7100;25201450;7099;22812981
7100;25201450;7099;24602133
7200;25916400;7199;23466633
7200;25916400;7199;23471184
7200;25916400;7199;23475166
7200;25916400;7199;23499629
7200;25916400;7199;23457531
7200;25916400;7199;23471753
7200;25916400;7199;23468909
7200;25916400;7199;23445015
7200;25916400;7199;23455824
7200;25916400;7199;23511575
7300;26641350;7299;24242028
7300;26641350;7299;24120854
7300;26641350;7299;24083308
7300;26641350;7299;24120286
7300;26641350;7299;24110046
7300;26641350;7299;24091272
7300;26641350;7299;24101512
7300;26641350;7299;24088997
7300;26641350;7299;24148161
7300;26641350;7299;24083877
7400;27376300;7399;24834809
7400;27376300;7399;24775076
7400;27376300;7399;24809778
7400;27376300;7399;24750045
7400;27376300;7399;24743218
7400;27376300;7399;24750614
7400;27376300;7399;24731271
7400;27376300;7399;24735254
7400;27376300;7399;24756872
7400;27376300;7399;24752889
7500;28121250;7499;25395733
7500;28121250;7499;25418488
7500;28121250;7499;25426453
7500;28121250;7499;25401990
7500;28121250;7499;25416782
7500;28121250;7499;25417351
7500;28121250;7499;25414507
7500;28121250;7499;25437831
7500;28121250;7499;25409386
7500;28121250;7499;25427590
7600;28876200;7599;26084656
7600;28876200;7599;26152923
7600;28876200;7599;26147802
7600;28876200;7599;26098309
7600;28876200;7599;26102292
7600;28876200;7599;26106842
7600;28876200;7599;26094897
7600;28876200;7599;26095465
7600;28876200;7599;26118221
7600;28876200;7599;26089776
7700;29641150;7699;26774148
7700;29641150;7699;26774717
7700;29641150;7699;26791784
7700;29641150;7699;26917509
7700;29641150;7699;26830468
7700;29641150;7699;26791215
7700;29641150;7699;26860619
7700;29641150;7699;26768460
7700;29641150;7699;26798611
7700;29641150;7699;26783820
7800;30416100;7799;27937524
7800;30416100;7799;27494930
7800;30416100;7799;28508688
7800;30416100;7799;27651943
7800;30416100;7799;27509721
7800;30416100;7799;27498343
7800;30416100;7799;27492085
7800;30416100;7799;27513135
7800;30416100;7799;27529063
7800;30416100;7799;27529632
7900;31201050;7899;28190111
7900;31201050;7899;28220831
7900;31201050;7899;28199213
7900;31201050;7899;28319248
7900;31201050;7899;28207747
7900;31201050;7899;28167356
7900;31201050;7899;28195800
7900;31201050;7899;28334039
7900;31201050;7899;29364865
7900;31201050;7899;28390929
8000;31996000;7999;28976883
8000;31996000;7999;28912598
8000;31996000;7999;29088954
8000;31996000;7999;28983710
8000;31996000;7999;28884155
8000;31996000;7999;28997932
8000;31996000;7999;28885293
8000;31996000;7999;28916581
8000;31996000;7999;28902928
8000;31996000;7999;28923977
8100;32800950;8099;29633380
8100;32800950;8099;29737486
8100;32800950;8099;29632812
8100;32800950;8099;29794376
8100;32800950;8099;29625984
8100;32800950;8099;29608349
8100;32800950;8099;29700509
8100;32800950;8099;29801202
8100;32800950;8099;29618020
8100;32800950;8099;29648171
8200;33615900;8199;30367814
8200;33615900;8199;30382037
8200;33615900;8199;30351886
8200;33615900;8199;30342215
8200;33615900;8199;30360988
8200;33615900;8199;30350748
8200;33615900;8199;30366108
8200;33615900;8199;30342783
8200;33615900;8199;30347335
8200;33615900;8199;30514588
8300;34440850;8299;31093147
8300;34440850;8299;31130125
8300;34440850;8299;32115439
8300;34440850;8299;31084613
8300;34440850;8299;31121023
8300;34440850;8299;31082907
8300;34440850;8299;31247315
8300;34440850;8299;31092009
8300;34440850;8299;31252435
8300;34440850;8299;31111351
8400;35275800;8399;31829857
8400;35275800;8399;31845786
8400;35275800;8399;31843510
8400;35275800;8399;31853181
8400;35275800;8399;32038070
8400;35275800;8399;31838390
8400;35275800;8399;31850906
8400;35275800;8399;31877075
8400;35275800;8399;32358922
8400;35275800;8399;31898123
8500;36120750;8499;32585340
8500;36120750;8499;32639385
8500;36120750;8499;32623456
8500;36120750;8499;32594443
8500;36120750;8499;32596718
8500;36120750;8499;32666691
8500;36120750;8499;32611509
8500;36120750;8499;32595581
8500;36120750;8499;32602407
8500;36120750;8499;32589323
8600;36975700;8599;33377233
8600;36975700;8599;33347650
8600;36975700;8599;33808450
8600;36975700;8599;33512628
8600;36975700;8599;33951241
8600;36975700;8599;33428433
8600;36975700;8599;33455170
8600;36975700;8599;34243649
8600;36975700;8599;34949070
8600;36975700;8599;34797746
8700;37840650;8699;34126458
8700;37840650;8699;34248200
8700;37840650;8699;34142387
8700;37840650;8699;34140681
8700;37840650;8699;34112236
8700;37840650;8699;34177658
8700;37840650;8699;34149783
8700;37840650;8699;34126458
8700;37840650;8699;34177089
8700;37840650;8699;34806848
8800;38715600;8799;34923470
8800;38715600;8799;34921764
8800;38715600;8799;34914368
8800;38715600;8799;34991737
8800;38715600;8799;34976377
8800;38715600;8799;34895026
8800;38715600;8799;34924039
8800;38715600;8799;34966705
8800;38715600;8799;34930866
8800;38715600;8799;34921195
8900;39600550;8899;35710812
8900;39600550;8899;35754616
8900;39600550;8899;35707399
8900;39600550;8899;36586899
8900;39600550;8899;35780785
8900;39600550;8899;35675541
8900;39600550;8899;35684073
8900;39600550;8899;35733567
8900;39600550;8899;35722758
8900;39600550;8899;35711949
9000;40495500;8999;36504979
9000;40495500;8999;36530010
9000;40495500;8999;36549922
9000;40495500;8999;36508393
9000;40495500;8999;36513513
9000;40495500;8999;36516357
9000;40495500;8999;36509531
9000;40495500;8999;36647202
9000;40495500;8999;41307533
9000;40495500;8999;38090470
9100;41400450;9099;37335556
9100;41400450;9099;37372534
9100;41400450;9099;37412356
9100;41400450;9099;37345796
9100;41400450;9099;37337262
9100;41400450;9099;37393013
9100;41400450;9099;37378223
9100;41400450;9099;37358311
9100;41400450;9099;37373671
9100;41400450;9099;37356605
9200;42315400;9199;38162151
9200;42315400;9199;39025154
9200;42315400;9199;38441474
9200;42315400;9199;38242363
9200;42315400;9199;38169546
9200;42315400;9199;38231555
9200;42315400;9199;38194008
9200;42315400;9199;38183199
9200;42315400;9199;38174665
9200;42315400;9199;38172959
9300;43240350;9299;39009225
9300;43240350;9299;39025722
9300;43240350;9299;38979073
9300;43240350;9299;39012638
9300;43240350;9299;41296724
9300;43240350;9299;39177047
9300;43240350;9299;38995571
9300;43240350;9299;39006949
9300;43240350;9299;39013776
9300;43240350;9299;39030273
9400;44175300;9399;39818183
9400;44175300;9399;39820459
9400;44175300;9399;39831268
9400;44175300;9399;39871090
9400;44175300;9399;39885881
9400;44175300;9399;39831268
9400;44175300;9399;39885313
9400;44175300;9399;40147001
9400;44175300;9399;39975197
9400;44175300;9399;39861419
9500;45120250;9499;40694271
9500;45120250;9499;40728973
9500;45120250;9499;40822840
9500;45120250;9499;40685169
9500;45120250;9499;40832511
9500;45120250;9499;40670947
9500;45120250;9499;40661275
9500;45120250;9499;40724422
9500;45120250;9499;40710769
9500;45120250;9499;40682893
9600;46075200;9599;41569790
9600;46075200;9599;43246872
9600;46075200;9599;41548741
9600;46075200;9599;41536226
9600;46075200;9599;41612457
9600;46075200;9599;41537932
9600;46075200;9599;41557275
9600;46075200;9599;41545896
9600;46075200;9599;41529398
9600;46075200;9599;41527692
9700;47040150;9699;42406624
9700;47040150;9699;42394108
9700;47040150;9699;42805984
9700;47040150;9699;42488544
9700;47040150;9699;42423122
9700;47040150;9699;42418001
9700;47040150;9699;42405486
9700;47040150;9699;42463513
9700;47040150;9699;42421984
9700;47040150;9699;42401504
9800;48015100;9799;43269059
9800;48015100;9799;43257111
9800;48015100;9799;43297503
9800;48015100;9799;43318552
9800;48015100;9799;44279404
9800;48015100;9799;43462480
9800;48015100;9799;43311156
9800;48015100;9799;43393645
9800;48015100;9799;43275885
9800;48015100;9799;43275885
9900;49000050;9899;44198622
9900;49000050;9899;44175297
9900;49000050;9899;44151973
9900;49000050;9899;44136044
9900;49000050;9899;44143439
9900;49000050;9899;44124097
9900;49000050;9899;44144577
9900;49000050;9899;44183262
9900;49000050;9899;44215689
9900;49000050;9899;44212275
10000;49995000;9999;45063901
10000;49995000;9999;45034887
10000;49995000;9999;45057642
10000;49995000;9999;45053091
10000;49995000;9999;45162318
10000;49995000;9999;45049109
10000;49995000;9999;45053091
10000;49995000;9999;46331383
10000;49995000;9999;45062193
10000;49995000;9999;45164025
