100;1902;584;103537
100;1920;590;18773
100;1920;590;15360
100;1893;581;12515
100;1896;582;13653
100;1887;579;13654
100;1899;583;13653
100;1914;588;14222
100;1851;567;18204
100;1890;580;21049
200;4398;1366;42098
200;4398;1366;48356
200;4365;1355;46649
200;4386;1362;42667
200;4353;1351;32427
200;4359;1353;34134
200;4320;1340;32427
200;4359;1353;30151
200;4326;1342;34702
200;4347;1349;33565
300;7008;2186;31857
300;7116;2222;33564
300;7122;2224;32427
300;7077;2209;48356
300;7071;2207;31858
300;7050;2200;32427
300;7173;2241;31858
300;7104;2218;31858
300;7128;2226;33565
300;7032;2194;31857
400;9849;3083;45511
400;9921;3107;43235
400;9921;3107;43804
400;9867;3089;43805
400;9963;3121;42667
400;9915;3105;44373
400;9927;3109;43236
400;9987;3129;44373
400;9942;3114;54613
400;9897;3099;43804
500;12909;4053;56889
500;12804;4018;55751
500;12768;4006;54614
500;12855;4035;56320
500;12852;4034;56320
500;12873;4041;54045
500;12915;4055;55751
500;12906;4052;56319
500;12855;4035;56320
500;12849;4033;54614
600;15951;5017;69974
600;15972;5024;67129
600;16017;5039;68835
600;15966;5022;67698
600;15894;4998;69974
600;16041;5047;67698
600;15984;5028;68267
600;15981;5027;72249
600;15945;5015;68267
600;15867;4989;69973
700;19071;6007;79644
700;19110;6020;79076
700;19185;6045;79644
700;19128;6026;79645
700;19128;6026;79644
700;19056;6002;79076
700;19062;6004;77938
700;19056;6002;79645
700;19041;5997;80213
700;19146;6032;77938
800;22257;7019;92729
800;22209;7003;92729
800;22266;7022;91591
800;22422;7074;92729
800;22356;7052;92728
800;22377;7059;92729
800;22203;7001;93867
800;22311;7037;91591
800;22317;7039;91591
800;22281;7027;92160
900;25578;8076;103538
900;25593;8081;104676
900;25566;8072;105244
900;25578;8076;104676
900;25377;8009;108658
900;25485;8045;104675
900;25338;7996;78507
900;25500;8050;72249
900;25431;8027;72249
900;25452;8034;71111
1000;28854;9118;82489
1000;28770;9090;80213
1000;28815;9105;80782
1000;28668;9056;81351
1000;28833;9111;80782
1000;28677;9059;80213
1000;28785;9095;81920
1000;28728;9076;81351
1000;28707;9069;80782
1000;28863;9121;81351
1100;32199;10183;89885
1100;32037;10129;92160
1100;32133;10161;89884
1100;32112;10154;89316
1100;32136;10162;89884
1100;32097;10149;90453
1100;32175;10175;93867
1100;32136;10162;89885
1100;32115;10155;89884
1100;32130;10160;89315
1200;35394;11198;98986
1200;35736;11312;110933
1200;35481;11227;98986
1200;35577;11259;98986
1200;35724;11308;99555
1200;35517;11239;98986
1200;35487;11229;108088
1200;35262;11154;98986
1200;35532;11244;98418
1200;35562;11254;99555
1300;39027;12359;179769
1300;38895;12315;108089
1300;38895;12315;109227
1300;38907;12319;164977
1300;38925;12325;259981
1300;38910;12320;176355
1300;38742;12264;167253
1300;39063;12371;179200
1300;38799;12283;104675
1300;38877;12309;103538
1400;42384;13428;113209
1400;42366;13422;111502
1400;42336;13412;112640
1400;42330;13410;113209
1400;42417;13439;112071
1400;42423;13441;116053
1400;42447;13449;111502
1400;42480;13460;112640
1400;42351;13417;113778
1400;42351;13417;111502
1500;46086;14612;129706
1500;45810;14520;121742
1500;45876;14542;121173
1500;45885;14545;121173
1500;45891;14547;122311
1500;45873;14541;122879
1500;45858;14536;122880
1500;45699;14483;121742
1500;45903;14551;121742
1500;45711;14487;120604
1600;49146;15582;130845
1600;49494;15698;130276
1600;49224;15608;130845
1600;49296;15632;131413
1600;49404;15668;129707
1600;49410;15670;130276
1600;49371;15657;131982
1600;49455;15685;131413
1600;49500;15700;130275
1600;49389;15663;129707
1700;52674;16708;160996
1700;52977;16809;141084
1700;53037;16829;143359
1700;52947;16799;145066
1700;53031;16827;142791
1700;52704;16718;143360
1700;52923;16791;142222
1700;53019;16823;142791
1700;52869;16773;141654
1700;52950;16800;143929
1800;56388;17896;147342
1800;56295;17865;149048
1800;56304;17868;150755
1800;56319;17873;148480
1800;56316;17872;149048
1800;56403;17901;148480
1800;56520;17940;149049
1800;56283;17861;147911
1800;56166;17822;148480
1800;56382;17894;149617
1900;60096;19082;158720
1900;59997;19049;158150
1900;59898;19016;158720
1900;59805;18985;167253
1900;59925;19025;160996
1900;59973;19041;159289
1900;59961;19037;159289
1900;59997;19049;160427
1900;60045;19065;158720
1900;59907;19019;157582
2000;63555;20185;167822
2000;63405;20135;170098
2000;63465;20155;167254
2000;63522;20174;170667
2000;63309;20103;166684
2000;63558;20186;166684
2000;63588;20196;167253
2000;63432;20144;167253
2000;63309;20103;166684
2000;63435;20145;167822
2100;67206;21352;178062
2100;67008;21286;176925
2100;67170;21340;176924
2100;67089;21313;176355
2100;67164;21338;180337
2100;67167;21339;178062
2100;66990;21280;177493
2100;67137;21329;178062
2100;67245;21365;178062
2100;67038;21296;177493
2200;70611;22437;187164
2200;70884;22528;187165
2200;70815;22505;185457
2200;70770;22490;185457
2200;70866;22522;187733
2200;70704;22468;187165
2200;70725;22475;187164
2200;70695;22465;189440
2200;70743;22481;187165
2200;70911;22537;186026
2300;74493;23681;198542
2300;74472;23674;196835
2300;74559;23703;196266
2300;74490;23680;195697
2300;74439;23663;195697
2300;74550;23700;195129
2300;74589;23713;193991
2300;74523;23691;195129
2300;74448;23666;195129
2300;74448;23666;194559
2400;78186;24862;204799
2400;78162;24854;204230
2400;78177;24859;204231
2400;78405;24935;204800
2400;78045;24815;203662
2400;78075;24825;204231
2400;78036;24812;205937
2400;78150;24850;204230
2400;78123;24841;203662
2400;78003;24801;205369
2500;81912;26054;216177
2500;81786;26012;213902
2500;81717;25989;215609
2500;82023;26091;213333
2500;81699;25983;212764
2500;82038;26096;214470
2500;81834;26028;215040
2500;81918;26056;214471
2500;81984;26078;216177
2500;81795;26015;213902
2600;85542;27214;221866
2600;85560;27220;233244
2600;85518;27206;223004
2600;85668;27256;223004
2600;85455;27185;226418
2600;85803;27301;233245
2600;85437;27179;226986
2600;85770;27290;225849
2600;85557;27219;221298
2600;85527;27209;222435
2700;89310;28420;232107
2700;89529;28493;232106
2700;89208;28386;232107
2700;89337;28429;230969
2700;89610;28520;232106
2700;89388;28446;232675
2700;89346;28432;233244
2700;89397;28449;232106
2700;89526;28492;232106
2700;89397;28449;231537
2800;93375;29725;331662
2800;93129;29643;242347
2800;93132;29644;241209
2800;93117;29639;241777
2800;93198;29666;240639
2800;93375;29725;240640
2800;93117;29639;242915
2800;93435;29745;242346
2800;93108;29636;241777
2800;93147;29649;240071
2900;97329;30993;252017
2900;96849;30833;250879
2900;96957;30869;252018
2900;97176;30942;250880
2900;96918;30856;250880
2900;97041;30897;251448
2900;96801;30817;252586
2900;96882;30844;252586
2900;97080;30910;250880
2900;96855;30835;250880
3000;100836;32112;261688
3000;100803;32101;265101
3000;100740;32080;261689
3000;100881;32127;261689
3000;100695;32065;261119
3000;100845;32115;259982
3000;100833;32111;260551
3000;100632;32044;262258
3000;100692;32064;261689
3000;101013;32171;264533
3100;104505;33285;271360
3100;104349;33233;270222
3100;104280;33210;270221
3100;104394;33248;270791
3100;104538;33296;273635
3100;104487;33279;271929
3100;104325;33225;270221
3100;104409;33253;270791
3100;104715;33355;271929
3100;104382;33244;270222
3200;108606;34602;279324
3200;108342;34514;281031
3200;108225;34475;285013
3200;108348;34516;279893
3200;108138;34446;279893
3200;108330;34510;278755
3200;108273;34491;288426
3200;108441;34547;279324
3200;108177;34459;281030
3200;108396;34532;280461
3300;112371;35807;290133
3300;111966;35672;289564
3300;112092;35714;394808
3300;112287;35779;499484
3300;111972;35674;288995
3300;112239;35763;290702
3300;112161;35737;301511
3300;112134;35728;290133
3300;112068;35706;288426
3300;112263;35771;291271
3400;115875;36925;300373
3400;115737;36879;300942
3400;116124;37008;300373
3400;115857;36919;300941
3400;115992;36964;300942
3400;116082;36994;299235
3400;116097;36999;300942
3400;116172;37024;302080
3400;116043;36981;300373
3400;115896;36932;299236
3500;119865;38205;309475
3500;119805;38185;312320
3500;119730;38160;309475
3500;119901;38217;311182
3500;119736;38162;308906
3500;119793;38181;311181
3500;119607;38119;308907
3500;119907;38219;311751
3500;120144;38298;311181
3500;119952;38234;343608
3600;123768;39456;321990
3600;123594;39398;316870
3600;123657;39419;319715
3600;123582;39394;319146
3600;123675;39425;319715
3600;123675;39425;319715
3600;123537;39379;319146
3600;123717;39439;321422
3600;123546;39382;320853
3600;123351;39317;318578
3700;127389;40613;332231
3700;127212;40554;330524
3700;127326;40592;328249
3700;127206;40552;329955
3700;127170;40540;327679
3700;127743;40731;328248
3700;127569;40673;329386
3700;127482;40644;328817
3700;127371;40607;328248
3700;127212;40554;328817
3800;131079;41793;339626
3800;131184;41828;339626
3800;131244;41848;337919
3800;131118;41806;338488
3800;131289;41863;340764
3800;131316;41872;339057
3800;131238;41846;340195
3800;131094;41798;341902
3800;131301;41867;339626
3800;131181;41827;339626
3900;134994;43048;348160
3900;135348;43166;351004
3900;135063;43071;351572
3900;134940;43030;349298
3900;135273;43141;349866
3900;134829;42993;349297
3900;135042;43064;348728
3900;135132;43094;351004
3900;135048;43066;348160
3900;135258;43136;348728
4000;138825;44275;358399
4000;138885;44295;357830
4000;138882;44294;358968
4000;138948;44316;358399
4000;138864;44288;360106
4000;138987;44329;357262
4000;139011;44337;360106
4000;138999;44333;358399
4000;139023;44341;360106
4000;139008;44336;359537
4100;142920;45590;371484
4100;143031;45627;374328
4100;142839;45563;374329
4100;142746;45532;374328
4100;142905;45585;372622
4100;142497;45449;369777
4100;142986;45612;374329
4100;142851;45567;372053
4100;142938;45596;374328
4100;142665;45505;373760
4200;146376;46692;381724
4200;146646;46782;380586
4200;146976;46892;378311
4200;146724;46808;381723
4200;146730;46810;380017
4200;146892;46864;379449
4200;146553;46751;377742
4200;147018;46906;378879
4200;146709;46803;381155
4200;146655;46785;378879
4300;150696;48082;388551
4300;150441;47997;387981
4300;150582;48044;390257
4300;150675;48075;387413
4300;150384;47978;387413
4300;150828;48126;389688
4300;150867;48139;390826
4300;150819;48123;390257
4300;150945;48165;389689
4300;151155;48235;387981
4400;154662;49354;398791
4400;154875;49425;399929
4400;154401;49267;398221
4400;154563;49321;399928
4400;154569;49323;400497
4400;154743;49381;400497
4400;154881;49427;399359
4400;154614;49338;397653
4400;154977;49459;398790
4400;154923;49441;397084
4500;158607;50619;407893
4500;158898;50716;408462
4500;158868;50706;410169
4500;158871;50707;408461
4500;158880;50710;409030
4500;158979;50743;409030
4500;158778;50676;408461
4500;158862;50704;408462
4500;158919;50723;409031
4500;158757;50669;409600
4600;162798;51966;418133
4600;162744;51948;418133
4600;162765;51955;418701
4600;162648;51916;419840
4600;162813;51971;416426
4600;162621;51907;420409
4600;163101;52067;419840
4600;162966;52022;419271
4600;163086;52062;547840
4600;162891;51997;418133
4700;166974;53308;430648
4700;166875;53275;430080
4700;166824;53258;427235
4700;166602;53184;430648
4700;166950;53300;430079
4700;166818;53256;435768
4700;166608;53186;426666
4700;166527;53159;434631
4700;167031;53327;429511
4700;166743;53231;428372
4800;170862;54554;438613
4800;170868;54556;440888
4800;170862;54554;457955
4800;170655;54485;435199
4800;170784;54528;438613
4800;171066;54622;438044
4800;170871;54557;443733
4800;170928;54576;439181
4800;170628;54476;438613
4800;170886;54562;443163
4900;174618;55756;449421
4900;174441;55697;448853
4900;174495;55715;451697
4900;174594;55748;449422
4900;174690;55780;449991
4900;174690;55780;447715
4900;174774;55808;446009
4900;174558;55736;450559
4900;174972;55874;448853
4900;174711;55787;450560
5000;178764;57088;459661
5000;179067;57189;457955
5000;178557;57019;456248
5000;178767;57089;459661
5000;178584;57028;457386
5000;179004;57168;459092
5000;178896;57132;458524
5000;178749;57083;459661
5000;178752;57084;458524
5000;178761;57087;459661
5100;182814;58388;466489
5100;182703;58351;467626
5100;182493;58281;465919
5100;182829;58393;469901
5100;182895;58415;468195
5100;182703;58351;469333
5100;182745;58365;467626
5100;182634;58328;467626
5100;182925;58425;471608
5100;182889;58413;468764
5200;186918;59706;477297
5200;186858;59686;477866
5200;186858;59686;480711
5200;186729;59643;481279
5200;186774;59658;478434
5200;186501;59567;479573
5200;186822;59674;478435
5200;186765;59655;477866
5200;187023;59741;480141
5200;186831;59677;480710
5300;191040;61030;489812
5300;191079;61043;489243
5300;191202;61084;491519
5300;190941;60997;488675
5300;191103;61051;490381
5300;191136;61062;488106
5300;190980;61010;489244
5300;191154;61068;489812
5300;191037;61029;491520
5300;191106;61052;488675
5400;195300;62400;500053
5400;194829;62243;498346
5400;195144;62348;498346
5400;195012;62304;499483
5400;195363;62421;497777
5400;195183;62361;500621
5400;194928;62276;498346
5400;195198;62366;499483
5400;195048;62316;497208
5400;195165;62355;498346
5500;199143;63631;507448
5500;199173;63641;509724
5500;199110;63620;510293
5500;199221;63657;509724
5500;199194;63648;510293
5500;199071;63607;508017
5500;199065;63605;506879
5500;199236;63662;508017
5500;199140;63630;509723
5500;198960;63570;509154
5600;203121;64907;520532
5600;203229;64943;518825
5600;203118;64906;518257
5600;203193;64931;518826
5600;203046;64882;519964
5600;203322;64974;518257
5600;202794;64798;519964
5600;202944;64848;517688
5600;203292;64964;518826
5600;203487;65029;519394
5700;207417;66289;528497
5700;207129;66193;529635
5700;207264;66238;530772
5700;207099;66183;528497
5700;207018;66156;527928
5700;207174;66208;529634
5700;207381;66277;529066
5700;207252;66234;530773
5700;207186;66212;530773
5700;207327;66259;528498
5800;211236;67512;539306
5800;211281;67527;538737
5800;211488;67596;538737
5800;211215;67505;543289
5800;211473;67591;539874
5800;211071;67457;538737
5800;211422;67574;539875
5800;211329;67543;554666
5800;211545;67615;540443
5800;211377;67559;538737
5900;215391;68847;551822
5900;215175;68775;547839
5900;215553;68901;548408
5900;215256;68802;552959
5900;214929;68693;550684
5900;215322;68824;548408
5900;215220;68790;548409
5900;215481;68877;549546
5900;215268;68806;548408
5900;215403;68851;549546
6000;219363;70121;559217
6000;219516;70172;558079
6000;219474;70158;559786
6000;219594;70198;560923
6000;219246;70082;561492
6000;219552;70184;559786
6000;219645;70215;559217
6000;219189;70063;559786
6000;219276;70092;559786
6000;219261;70087;559786
6100;223848;71566;570026
6100;223452;71434;571164
6100;223581;71477;572871
6100;223224;71358;565475
6100;223629;71493;568888
6100;223533;71461;570594
6100;223560;71470;568888
6100;223431;71427;570026
6100;223686;71512;568319
6100;223668;71506;569457
6200;227772;72824;581403
6200;227649;72783;581972
6200;227778;72826;583679
6200;227859;72853;585386
6200;227796;72832;577990
6200;227583;72761;581973
6200;227616;72772;583111
6200;227754;72818;579697
6200;227721;72807;583110
6200;227568;72756;580265
6300;231756;74102;589937
6300;231816;74122;591644
6300;231708;74086;593350
6300;231561;74037;599608
6300;231381;73977;589937
6300;231426;73992;589368
6300;231693;74081;593919
6300;231645;74065;589937
6300;231618;74056;591644
6300;231582;74044;592781
6400;236022;75474;604159
6400;235800;75400;604159
6400;235791;75397;613830
6400;235821;75407;600177
6400;236112;75504;603022
6400;235875;75425;599608
6400;235917;75439;600746
6400;236427;75609;605297
6400;235977;75459;602452
6400;236109;75503;601315
6500;239799;76683;611555
6500;239826;76692;610986
6500;239745;76665;609848
6500;240213;76821;611554
6500;239916;76722;609848
6500;239847;76699;621226
6500;239916;76722;614399
6500;240033;76761;608710
6500;239868;76706;609848
6500;240024;76758;610986
6600;244086;78062;621795
6600;244203;78101;620088
6600;243822;77974;621226
6600;243912;78004;622363
6600;244227;78109;619519
6600;243864;77988;624640
6600;244089;78063;624070
6600;243804;77968;623501
6600;244029;78043;623501
6600;244305;78135;626915
6700;248052;79334;632035
6700;248232;79394;634879
6700;247926;79292;636017
6700;247824;79258;633741
6700;248439;79463;633742
6700;248352;79434;634311
6700;247761;79237;630328
6700;248214;79388;629759
6700;248475;79475;634310
6700;248376;79442;636586
6800;252303;80701;649101
6800;252048;80616;642843
6800;252501;80767;646826
6800;252492;80764;648533
6800;252321;80707;643413
6800;252240;80680;644550
6800;252483;80761;642275
6800;252039;80613;646826
6800;252747;80849;642844
6800;252150;80650;642275
6900;256536;82062;651377
6900;256365;82005;651946
6900;256107;81919;656496
6900;256338;81996;653083
6900;256356;82002;657066
6900;256068;81906;653083
6900;256665;82105;654221
6900;256611;82087;653084
6900;256440;82030;656497
6900;256140;81930;653083
7000;260436;83312;665031
7000;260700;83400;666737
7000;260691;83397;667306
7000;260442;83314;667875
7000;260793;83431;662186
7000;260361;83287;672425
7000;260655;83385;668443
7000;260346;83282;665030
7000;260412;83304;665599
7000;260448;83316;666737
7100;264465;84605;679822
7100;264894;84748;675270
7100;264585;84645;677545
7100;264672;84674;675271
7100;264753;84701;676976
7100;264570;84640;676408
7100;264372;84574;671857
7100;264960;84770;673563
7100;264693;84681;674701
7100;264636;84662;676408
7200;268797;85999;688354
7200;268722;85974;687785
7200;268728;85976;687216
7200;269109;86103;690630
7200;269121;86107;704853
7200;268590;85930;688355
7200;268980;86060;687217
7200;268698;85966;687786
7200;268755;85985;686648
7200;268830;86010;686079
7300;272364;87138;695182
7300;272958;87336;695182
7300;272517;87189;696319
7300;272808;87286;698595
7300;273252;87434;696887
7300;272802;87284;698026
7300;272964;87338;696888
7300;273036;87362;697457
7300;272823;87291;698026
7300;272907;87319;692906
7400;277341;88747;711679
7400;276867;88589;721350
7400;277014;88638;707128
7400;277191;88697;707128
7400;276867;88589;709404
7400;277125;88675;704852
7400;276954;88618;705990
7400;276858;88586;706559
7400;276714;88538;703715
7400;277371;88757;705421
7500;281103;89951;717368
7500;280941;89897;717936
7500;281367;90039;717937
7500;281352;90034;717368
7500;281271;90007;721919
7500;281322;90024;720212
7500;281037;89929;715661
7500;281031;89927;715662
7500;281115;89955;716799
7500;281136;89962;717368
7600;285372;91324;733865
7600;284985;91195;728176
7600;285243;91281;726470
7600;285531;91377;738986
7600;285618;91406;727608
7600;285507;91369;726470
7600;285609;91403;733297
7600;284994;91198;727608
7600;285357;91319;726471
7600;285201;91267;727607
7700;289662;92704;745812
7700;289566;92672;742399
7700;289332;92594;767430
7700;289596;92682;738986
7700;289731;92727;738417
7700;289671;92707;737278
7700;289854;92768;742968
7700;289560;92670;740123
7700;288993;92481;740124
7700;289323;92591;798150
7800;293535;93945;752070
7800;293391;93897;814079
7800;293517;93939;746950
7800;293565;93955;747519
7800;293901;94067;748088
7800;293352;93884;750932
7800;293379;93893;751501
7800;293805;94035;748656
7800;293328;93876;750363
7800;293613;93971;750364
7900;297795;95315;760603
7900;297591;95247;759465
7900;297540;95230;762879
7900;298326;95492;760603
7900;297657;95269;762310
7900;297384;95178;758896
7900;297777;95309;762310
7900;297906;95352;758328
7900;297540;95230;760034
7900;297732;95294;762878
8000;301974;96658;802701
8000;301749;96583;770843
8000;302127;96709;782790
8000;301860;96620;773687
8000;302097;96699;770274
8000;301905;96635;772550
8000;302040;96680;773688
8000;302016;96672;781652
8000;301875;96625;770843
8000;301629;96543;771412
8100;305811;97887;794168
8100;305889;97913;783928
8100;306162;98004;784497
8100;306036;97962;781084
8100;305883;97911;781653
8100;306066;97972;782221
8100;305892;97914;782790
8100;306117;97989;785635
8100;306135;97995;783927
8100;305754;97868;814648
8200;310455;99385;798719
8200;310317;99339;799287
8200;309972;99224;800994
8200;310515;99405;793599
8200;310125;99275;800426
8200;310308;99336;797012
8200;310626;99442;799287
8200;310113;99271;795875
8200;310236;99312;799857
8200;310095;99265;798150
8300;314775;100775;805546
8300;314760;100770;803270
8300;314574;100708;803839
8300;314469;100673;804976
8300;314112;100554;805546
8300;314541;100697;807821
8300;314412;100654;802132
8300;314448;100666;803839
8300;314568;100706;805545
8300;314637;100729;804408
8400;318717;102039;815785
8400;318987;102129;814647
8400;318660;102020;816354
8400;318600;102000;814079
8400;319047;102149;812372
8400;318849;102083;816355
8400;318873;102091;816354
8400;318942;102114;812372
8400;318564;101988;814079
8400;318660;102020;814078
8500;323430;103560;826594
8500;322629;103293;823181
8500;322830;103360;823750
8500;322770;103340;823181
8500;323373;103541;824888
8500;322980;103410;820906
8500;323163;103471;826026
8500;323376;103542;826026
8500;323226;103492;827164
8500;322851;103367;826595
8600;327339;104813;836834
8600;327375;104825;835697
8600;327204;104768;833990
8600;327156;104752;920461
8600;327171;104757;835697
8600;327228;104776;839679
8600;327633;104911;833421
8600;326802;104634;849919
8600;327549;104883;855607
8600;327303;104801;837403
8700;331776;106242;845367
8700;331725;106225;853332
8700;331503;106151;851626
8700;331758;106236;847074
8700;331422;106124;847643
8700;331464;106138;845368
8700;331524;106158;850488
8700;331458;106136;843092
8700;331371;106107;921030
8700;331572;106174;855607
8800;335583;107461;863003
8800;335844;107548;855039
8800;336132;107644;860728
8800;336012;107604;860728
8800;335874;107558;940372
8800;336393;107731;863572
8800;335745;107515;856745
8800;335697;107499;861866
8800;336018;107606;856176
8800;335856;107552;854470
8900;340104;108918;868123
8900;340149;108933;864710
8900;340302;108984;881208
8900;340098;108916;864141
8900;340356;109002;869830
8900;340512;109054;867554
8900;339969;108873;863003
8900;340308;108986;866417
8900;339999;108883;863572
8900;339912;108854;863003
9000;344700;110400;876657
9000;344328;110276;879501
9000;344547;110349;876657
9000;344643;110381;878932
9000;344121;110207;877225
9000;344370;110290;877225
9000;344238;110246;877795
9000;344139;110213;878932
9000;344895;110465;877795
9000;344028;110176;882915
9100;348972;111774;889741
9100;348774;111708;891447
9100;348501;111617;884052
9100;348897;111749;887466
9100;348666;111672;891448
9100;348684;111678;889172
9100;349242;111864;892017
9100;349335;111895;892016
9100;348630;111660;887466
9100;348714;111688;890879
9200;353028;113076;899981
9200;353172;113124;907377
9200;353277;113159;901687
9200;353136;113112;895998
9200;353007;113069;898843
9200;353136;113112;898275
9200;352977;113059;900550
9200;353130;113110;901119
9200;352860;113020;899412
9200;352944;113048;896568
9300;357459;114503;917616
9300;357369;114473;912496
9300;356967;114339;913065
9300;357678;114576;907945
9300;356904;114318;910221
9300;357000;114350;913066
9300;357720;114590;911928
9300;357396;114482;911359
9300;357264;114438;918755
9300;357216;114422;911928
9400;361851;115917;921030
9400;361470;115790;923306
9400;361620;115840;920461
9400;361329;115743;922168
9400;361596;115832;916479
9400;361761;115887;925581
9400;361452;115784;922167
9400;361554;115818;923305
9400;361785;115895;921030
9400;361629;115843;922168
9500;365940;117230;964835
9500;366063;117271;931839
9500;366114;117288;932407
9500;366384;117378;932408
9500;366255;117335;932977
9500;365718;117156;928995
9500;366090;117280;931839
9500;365712;117154;930132
9500;365940;117230;935252
9500;366003;117251;935252
9600;370497;118699;944923
9600;369837;118479;940372
9600;370023;118541;943786
9600;370557;118719;943216
9600;370176;118592;942648
9600;370452;118684;948337
9600;370509;118703;949474
9600;370188;118596;945492
9600;370167;118589;940941
9600;370236;118612;944923
9700;374784;120078;955732
9700;374478;119976;953457
9700;374721;120057;955163
9700;374613;120021;952888
9700;374415;119955;954025
9700;374613;120021;954594
9700;374601;120017;965403
9700;374637;120029;960852
9700;374715;120055;951750
9700;374772;120074;954594
9800;378738;121346;971092
9800;379323;121541;967679
9800;378804;121368;963697
9800;378534;121278;965403
9800;379263;121521;964834
9800;378882;121394;1075768
9800;379530;121610;964834
9800;378780;121360;964834
9800;378672;121324;963696
9800;379185;121495;962559
9900;383313;122821;975643
9900;383016;122722;975074
9900;383265;122805;973936
9900;383403;122851;975643
9900;383406;122852;976212
9900;383508;122886;973936
9900;383064;122738;974506
9900;383106;122752;976212
9900;383265;122805;975643
9900;383451;122867;976781
10000;387840;124280;987020
10000;387399;124133;989296
10000;387324;124108;987020
10000;387501;124167;993279
10000;387669;124223;984745
10000;387903;124301;985314
10000;387822;124274;984746
10000;387666;124222;988728
10000;387156;124052;985314
10000;387669;124223;989297
