100;804;437;36978
100;824;381;32996
100;867;363;40391
100;712;386;29014
100;742;314;8533
100;794;389;5689
100;745;361;5688
100;773;356;5689
100;801;294;5120
100;901;568;13084
200;1916;845;18204
200;1758;860;22186
200;1709;838;19342
200;1795;833;22187
200;1950;954;21617
200;1907;872;21048
200;1881;892;20480
200;1815;1066;25600
200;1677;917;21048
200;1737;843;19911
300;2933;1525;25600
300;3181;1451;21618
300;2810;1612;19911
300;2788;1186;36977
300;2919;1502;21617
300;2727;1407;19342
300;3306;1968;25600
300;3067;1569;21048
300;2970;1517;20480
300;3367;1689;21049
400;4383;2089;31858
400;4621;1848;31857
400;4711;2721;21049
400;4989;2933;20480
400;4204;1948;19911
400;4171;2103;19343
400;4025;1934;19342
400;3827;1911;19343
400;4122;2059;22186
400;4487;2171;19343
500;5486;3147;26169
500;5601;2815;25600
500;5361;2847;24462
500;5074;2297;25600
500;4997;2614;25600
500;5489;2736;24462
500;5378;2746;25600
500;5202;2803;25600
500;5819;2915;24463
500;5096;2444;25031
600;6979;3271;30720
600;6520;2933;29582
600;6528;3155;30720
600;7245;3131;31289
600;6637;3133;30720
600;6558;3366;31288
600;6549;2838;28444
600;6755;3525;31858
600;6739;3220;30720
600;6269;3050;31288
700;8482;4053;36408
700;7653;3694;36977
700;8709;4138;35840
700;7556;3654;52907
700;7561;3958;39254
700;7790;3489;38684
700;8131;3767;38115
700;7713;3657;40391
700;7629;3746;38116
700;8149;4647;39822
800;9980;4821;44942
800;10497;6353;46649
800;9291;4162;44942
800;9734;4591;45511
800;8776;4524;44942
800;8851;4458;44942
800;10149;5528;46080
800;9135;4867;44942
800;9795;5760;46080
800;9398;4646;44943
900;11164;4720;52338
900;10742;5533;52907
900;11359;5658;52907
900;10624;5347;50062
900;10523;4645;50631
900;10478;5948;53475
900;11569;6442;54613
900;11179;5721;52907
900;10794;5248;51769
900;10553;4931;54044
1000;12065;5912;58595
1000;12349;5795;57457
1000;12445;6338;58026
1000;12217;5223;56889
1000;12488;6342;57458
1000;12735;7172;59164
1000;12995;5524;56889
1000;12316;5876;58027
1000;12183;5934;56319
1000;12421;6998;59733
1100;14378;7875;65991
1100;13435;6972;64284
1100;13884;6944;65991
1100;13948;7496;65422
1100;14009;6610;64853
1100;13388;6703;65422
1100;15035;8848;67128
1100;13182;6944;64853
1100;13657;7468;64284
1100;13304;6387;64853
1200;16033;7018;69405
1200;15021;7752;72249
1200;14999;8501;71679
1200;14827;7982;71111
1200;15582;7180;69973
1200;16095;7422;71680
1200;15311;6941;69973
1200;14720;6769;69974
1200;14598;8005;72248
1200;17049;9742;74524
1300;15567;7077;76800
1300;15972;7684;78507
1300;16666;8391;78506
1300;16428;8316;110364
1300;16557;9800;113209
1300;16037;7799;111502
1300;16427;8327;109795
1300;16463;7807;110365
1300;15381;7711;78507
1300;17552;9386;77937
1400;17951;8810;83058
1400;18154;8489;84765
1400;17351;8683;83058
1400;18752;9084;85902
1400;17877;7932;83627
1400;18294;9487;84764
1400;19518;9880;83626
1400;16911;8515;85333
1400;17342;9280;84195
1400;17443;8829;87609
1500;19803;10830;91591
1500;19644;10532;90454
1500;19127;9311;91022
1500;19293;10054;91591
1500;19473;9532;90453
1500;19600;11425;92729
1500;20850;11045;92729
1500;18949;10366;92728
1500;18682;9546;91022
1500;17961;8579;91022
1600;21481;10812;108657
1600;21452;12176;98418
1600;23393;13863;102399
1600;20331;9708;97280
1600;22137;11737;97280
1600;20256;9975;97849
1600;20925;9644;97280
1600;19937;10241;97280
1600;20693;9118;95574
1600;19168;9246;97848
1700;22918;10664;121742
1700;22153;10445;103538
1700;22161;12090;109795
1700;22249;11733;106951
1700;23280;10679;105244
1700;22236;11220;104106
1700;21941;11271;103538
1700;21773;11044;102400
1700;24306;13000;108658
1700;22318;11263;104107
1800;24041;12615;115484
1800;24053;12855;111502
1800;25108;12794;112640
1800;25015;11920;112071
1800;25006;13074;110364
1800;25984;12764;109226
1800;23210;11237;112071
1800;23325;10639;111502
1800;23865;11595;112639
1800;22810;11304;111502
1900;26478;14105;122311
1900;26465;14233;122880
1900;26762;13487;120035
1900;26375;14078;122311
1900;24086;12281;118328
1900;27130;13167;116622
1900;26365;13556;116622
1900;24455;12733;117191
1900;24780;10669;116622
1900;27388;12799;119466
2000;25927;13216;125156
2000;29853;16707;130276
2000;27795;12955;124018
2000;27525;14930;128569
2000;28638;15673;128000
2000;27436;12093;121742
2000;28503;14556;126862
2000;25927;13875;123449
2000;29486;17059;129138
2000;26230;14034;129138
2100;30456;15299;131982
2100;28688;14456;131982
2100;27565;13425;131982
2100;30482;14715;131982
2100;28409;14509;133689
2100;28683;13305;129707
2100;29986;16917;138240
2100;26274;13870;132551
2100;30341;16844;133120
2100;28202;13524;132551
2200;29641;14608;137671
2200;29441;14154;141653
2200;30572;14897;138809
2200;30164;14444;136533
2200;31558;15457;140515
2200;31082;16499;137102
2200;30669;15610;135964
2200;31549;15029;138809
2200;30689;15340;138240
2200;29943;14946;138240
2300;31093;15555;143928
2300;30884;15537;143929
2300;30173;15205;146773
2300;31171;15464;147342
2300;31095;15752;142790
2300;31142;14619;143928
2300;29540;15070;148479
2300;31580;16602;145066
2300;31219;15265;146204
2300;32397;16918;146773
2400;33963;16084;153600
2400;35123;17088;153600
2400;31917;15947;153599
2400;32565;15779;154738
2400;33638;15733;153031
2400;33707;16773;150187
2400;33743;17804;151893
2400;32822;17200;151893
2400;34935;18440;148480
2400;33323;16089;149048
2500;35654;20352;160995
2500;35895;19406;162133
2500;34457;17556;157013
2500;36104;17364;158720
2500;35869;19154;160426
2500;35107;18489;162702
2500;36573;18496;161565
2500;36006;16146;159289
2500;34724;17864;160427
2500;33084;17135;162133
2600;36019;16724;163271
2600;38113;19242;163839
2600;36428;16203;169528
2600;35789;18712;167822
2600;35698;19629;168391
2600;37394;20305;167822
2600;38575;20302;166115
2600;37384;16413;163840
2600;35524;18147;163840
2600;34670;17669;165546
2700;42068;23445;176356
2700;36496;17343;173511
2700;37208;18536;172373
2700;38115;19807;174080
2700;37092;19204;174649
2700;38619;19137;172941
2700;38143;18210;171235
2700;38802;17866;172373
2700;37830;18631;171235
2700;38584;17762;173511
2800;39803;21055;189440
2800;42031;22151;178631
2800;39404;20476;178631
2800;38171;18286;179769
2800;40860;19246;180338
2800;39114;20745;180906
2800;37551;20073;184889
2800;41072;20618;182044
2800;40533;20734;183182
2800;38618;20094;179200
2900;41044;19936;186026
2900;39825;19205;185457
2900;42419;22085;183751
2900;40776;20803;190577
2900;40456;19631;186595
2900;42316;20217;191715
2900;40507;19368;196836
2900;44371;21077;189439
2900;43465;21716;189440
2900;46078;22800;186026
3000;40380;20372;194560
3000;44435;22360;193991
3000;40472;20335;196835
3000;40476;20330;194560
3000;47515;26781;195128
3000;40405;20765;196836
3000;41922;22873;203662
3000;41161;20851;195698
3000;42495;21004;192853
3000;42392;20193;197404
3100;47821;24758;206507
3100;51178;26183;203662
3100;46694;21504;200817
3100;47319;25342;205938
3100;44506;22889;199680
3100;47231;25376;205369
3100;45535;20986;201955
3100;43112;21003;201386
3100;42717;21005;200249
3100;46278;24616;200818
3200;46291;22946;208782
3200;46089;23323;208782
3200;43818;19528;205938
3200;46707;22621;224711
3200;47063;24158;206507
3200;44935;22436;208213
3200;46372;21760;204800
3200;47629;22912;209920
3200;47876;22864;209351
3200;45666;21538;207075
3300;49830;27505;217315
3300;50183;24698;213333
3300;45300;23868;279324
3300;46311;23656;276479
3300;49726;23375;221297
3300;46277;23956;214471
3300;47556;22377;215040
3300;47074;23627;216747
3300;47551;23698;214470
3300;48019;25060;217315
3400;45955;22206;223004
3400;49159;23219;220160
3400;50578;25401;225848
3400;49872;23036;215039
3400;46671;21985;221298
3400;51701;25951;226417
3400;54399;24627;223005
3400;47941;24622;222435
3400;48855;23082;221866
3400;51591;26680;222435
3500;50189;26947;228693
3500;54520;31406;235520
3500;51452;26844;229262
3500;52803;23716;231537
3500;50160;23201;227556
3500;52715;28219;235519
3500;49891;22035;229831
3500;53921;28061;226986
3500;51925;27136;232675
3500;50309;26754;269653
3600;53369;29879;241209
3600;54189;28807;241209
3600;54233;27001;236088
3600;52399;25626;234382
3600;52869;28711;236657
3600;56594;28062;238933
3600;56913;28389;239502
3600;56498;31906;237796
3600;51324;25366;233813
3600;53242;28149;242346
3700;57673;26106;242915
3700;58042;32295;244053
3700;56804;27992;241209
3700;53876;26662;237795
3700;51693;25586;241209
3700;55087;30282;248035
3700;55271;27803;242347
3700;51371;26726;246898
3700;56332;27578;241777
3700;55390;26783;244053
3800;55678;30355;249742
3800;54066;27433;248035
3800;52767;26610;252586
3800;54905;27291;251448
3800;56338;24974;244053
3800;55009;25414;249173
3800;55960;29300;253724
3800;59113;28898;250310
3800;55233;27249;248035
3800;55351;25225;248604
3900;58148;29099;259413
3900;58670;27986;262827
3900;64351;33323;265670
3900;61022;31112;260551
3900;57091;26691;259413
3900;57262;29442;261120
3900;57426;29509;257138
3900;57042;30800;260550
3900;59760;28927;252018
3900;56714;25842;254293
4000;57407;30233;269653
4000;62973;32039;267946
4000;58001;27633;262257
4000;63799;33943;267947
4000;58443;28901;266809
4000;61116;33307;266808
4000;58491;29842;269084
4000;63969;29488;265671
4000;57750;31116;267946
4000;62149;29437;267378
4100;62628;30355;271359
4100;60940;27494;269084
4100;62635;32807;281031
4100;64446;34973;272498
4100;63481;33312;277618
4100;62116;33471;274772
4100;61241;32155;274773
4100;58395;29654;270791
4100;61616;32304;270791
4100;60651;30326;278755
4200;62764;30633;275342
4200;66551;33079;279893
4200;58281;29124;283875
4200;64907;32737;278186
4200;63981;33840;282168
4200;61312;31279;282169
4200;63511;32930;283306
4200;64951;32800;283875
4200;59114;30086;279893
4200;58131;31122;284444
4300;64488;30961;285013
4300;69849;38432;292409
4300;66445;34582;291840
4300;63786;30306;283306
4300;67363;34103;294684
4300;63241;34494;298667
4300;62282;32454;287858
4300;66205;31570;285582
4300;68668;36426;298097
4300;65218;30139;282169
4400;74786;37201;294115
4400;70170;29249;291840
4400;67135;35108;300373
4400;68372;34632;295253
4400;65572;33147;296391
4400;67463;30375;316302
4400;63784;28584;291271
4400;62706;29630;290702
4400;72172;31837;287288
4400;72057;35542;301511
4500;67738;33970;304355
4500;68741;34217;302648
4500;66598;32588;319146
4500;71543;37393;310044
4500;69202;36325;302648
4500;69799;36009;304355
4500;70508;38316;308906
4500;64960;32529;304924
4500;63404;29115;299236
4500;67911;33062;300373
4600;70734;34963;308337
4600;66909;32637;306062
4600;69458;33945;306062
4600;75033;36928;307768
4600;70416;35162;316301
4600;69200;34179;308337
4600;66130;35823;311182
4600;66736;31984;307200
4600;68555;32622;415857
4600;68576;36642;319147
4700;75622;36783;312888
4700;74589;40243;319715
4700;72126;37590;319715
4700;69636;33547;313457
4700;70502;38499;318578
4700;75685;37532;316302
4700;76386;37489;320284
4700;73430;36614;314595
4700;76678;35584;315164
4700;69796;34011;322560
4800;70647;36352;322560
4800;78383;38039;326541
4800;75732;38509;329955
4800;77170;40677;325404
4800;76879;33898;323697
4800;70105;34795;323129
4800;75548;35110;320284
4800;73448;32824;320284
4800;74376;34363;323129
4800;72937;34498;325973
4900;74905;36887;329956
4900;72847;36123;337350
4900;72102;33570;325973
4900;75507;38902;328248
4900;80717;40035;324835
4900;81896;39635;336213
4900;79461;43855;340764
4900;72439;38764;329955
4900;74327;33591;326541
4900;76494;37713;330524
5000;75971;39466;341901
5000;80954;41326;341333
5000;76878;39605;354986
5000;72495;35156;337920
5000;76584;36598;336782
5000;81309;40215;336213
5000;76212;36958;333368
5000;77075;34215;329955
5000;77888;38847;337350
5000;83456;35743;337920
5100;77138;40507;350435
5100;77431;38429;344178
5100;82826;45462;351573
5100;76792;41914;347021
5100;85242;42792;347590
5100;82157;41085;344747
5100;77442;39943;346453
5100;77701;39248;347021
5100;77733;38729;346453
5100;75888;36562;345315
5200;84059;46165;358400
5200;74408;36056;351572
5200;98554;47202;367502
5200;77372;36734;351573
5200;75558;38008;357262
5200;80389;39825;350435
5200;82138;40195;356124
5200;80339;39482;353280
5200;79278;42940;356124
5200;82085;39549;356124
5300;81394;40180;353849
5300;78889;37864;362951
5300;78724;36973;359537
5300;81704;44005;372621
5300;77081;36009;356124
5300;90593;37929;356692
5300;85367;47222;366933
5300;86641;44936;366364
5300;82987;40870;357830
5300;86788;46654;368070
5400;84968;45455;421546
5400;89891;46681;401635
5400;88741;43965;369209
5400;83915;45937;373191
5400;85498;45181;372622
5400;91987;45939;368639
5400;86030;39538;356693
5400;80747;38842;362951
5400;81381;42473;368639
5400;78868;40655;374897
5500;90025;45554;381155
5500;86485;44323;375466
5500;88252;44495;374328
5500;91065;45019;374897
5500;88729;43600;383430
5500;91798;48125;380017
5500;86548;46418;377742
5500;95303;47411;377741
5500;84053;45770;376604
5500;82592;44021;380586
5600;86322;46189;382293
5600;84623;43229;388550
5600;92096;47514;382293
5600;88954;47518;384568
5600;88879;45672;385137
5600;84484;40848;393671
5600;83832;45803;384000
5600;89514;48291;386844
5600;87080;41628;382861
5600;87958;45737;384000
5700;86252;42489;390827
5700;92495;48998;393670
5700;89088;42176;386275
5700;85493;44877;394808
5700;90269;47585;394239
5700;89891;41965;385707
5700;92311;45464;388551
5700;92712;45162;387413
5700;85043;42140;389688
5700;86418;43328;386844
5800;89557;42999;391964
5800;87003;44141;393670
5800;96454;44998;403342
5800;97002;45468;391395
5800;88733;44982;397084
5800;92282;41805;396515
5800;95424;43235;390826
5800;101363;55143;422114
5800;96694;45083;390257
5800;90328;46704;399928
5900;95161;42246;398221
5900;97017;52308;406755
5900;92097;46495;409600
5900;90802;45914;410737
5900;88167;46405;409599
5900;88553;45953;405048
5900;92642;42582;406186
5900;92829;49381;407893
5900;102930;42399;394809
5900;96160;48565;398221
6000;91184;43450;402204
6000;94032;51831;424390
6000;87898;42273;410737
6000;100615;54890;420977
6000;95241;48162;407324
6000;95780;44431;406186
6000;97306;46789;408462
6000;94965;46358;411307
6000;98220;49316;406755
6000;97006;48744;421546
6100;98718;52660;424391
6100;94183;47308;418133
6100;99339;51000;416995
6100;93949;46414;417564
6100;99141;55882;427235
6100;98188;49795;415288
6100;94337;49169;420977
6100;94343;46963;421546
6100;91333;46955;422115
6100;94170;49078;418701
6200;96083;44118;423822
6200;95555;49352;428373
6200;104383;57370;440319
6200;95674;45437;424959
6200;106415;47336;435199
6200;100181;46146;418701
6200;97227;51354;430649
6200;102503;54602;432924
6200;96332;49603;432923
6200;100824;50375;433493
6300;108310;54126;433493
6300;99775;48560;431217
6300;102519;49874;435768
6300;106365;49312;433493
6300;98926;48084;438044
6300;97387;50837;439182
6300;103544;54816;432354
6300;98535;47101;446577
6300;108827;59497;448853
6300;103674;49805;484124
6400;104472;46908;443164
6400;100886;54214;448853
6400;105609;56057;443164
6400;111795;59281;443164
6400;99244;42270;432355
6400;100899;48399;443163
6400;99615;56026;457955
6400;110781;48953;443164
6400;105605;54354;451128
6400;105753;55152;451129
6500;104999;54923;449422
6500;100790;52526;444302
6500;102260;47887;448283
6500;102459;47349;443732
6500;98673;47873;450559
6500;102986;51042;453404
6500;105557;56667;456248
6500;101937;51926;451697
6500;101765;46870;440319
6500;100638;53753;452835
6600;102253;46908;451698
6600;109247;52916;456249
6600;101303;51550;461368
6600;101885;47172;455680
6600;100633;53344;459661
6600;105618;50165;455110
6600;113875;56602;465920
6600;124029;55609;459662
6600;102628;52493;451128
6600;111440;56611;456248
6700;104690;50709;462506
6700;104262;53508;468195
6700;106095;60149;469333
6700;107070;51663;471040
6700;110467;49715;461368
6700;104477;54609;469332
6700;106021;57579;468195
6700;109623;56754;467057
6700;102524;54422;464781
6700;109660;50171;455679
6800;107883;52562;478434
6800;110996;62147;484124
6800;108427;55306;475021
6800;103503;50878;473315
6800;105714;53429;481279
6800;107172;51889;470470
6800;106943;57033;475021
6800;108471;54524;468195
6800;109161;52145;465919
6800;107228;49892;481280
6900;112243;52576;481848
6900;108103;54536;484693
6900;108823;63029;492088
6900;115973;62582;486968
6900;118703;59091;477297
6900;113561;57604;477866
6900;113521;60356;478435
6900;114297;56527;482986
6900;107625;55822;477297
6900;117544;59741;477866
7000;106816;55072;493226
7000;113467;56715;493795
7000;110580;54432;484124
7000;105189;55276;490950
7000;110597;57059;490382
7000;118295;57694;492089
7000;121836;71744;509724
7000;111968;53444;481280
7000;120458;58401;481848
7000;109973;55395;484124
7100;110274;54622;497208
7100;116399;55938;490950
7100;109611;57510;497208
7100;113497;61319;496639
7100;116676;55550;488674
7100;108722;58494;498346
7100;108681;53174;496640
7100;110625;53763;491520
7100;116194;55490;491519
7100;114921;55461;497208
7200;114670;57398;520532
7200;118660;60606;502328
7200;119641;63218;507448
7200;113104;59840;510862
7200;115764;56399;496640
7200;119522;58677;500052
7200;120731;61175;504604
7200;119699;58196;504604
7200;113700;62452;515412
7200;126154;61582;497209
7300;119741;57409;505741
7300;125223;58152;515981
7300;116095;55819;510293
7300;115941;57186;510293
7300;116347;55692;501759
7300;131484;58844;509155
7300;116025;61680;526791
7300;117837;58998;502328
7300;122259;59157;507448
7300;117153;60648;509155
7400;113254;56485;512568
7400;119076;55631;509155
7400;117934;58792;515981
7400;113500;55246;523377
7400;122175;63230;517119
7400;114520;54760;510861
7400;115605;58007;526221
7400;114934;59887;517688
7400;117775;56862;520532
7400;119446;63089;521101
7500;121815;59921;517688
7500;117656;58545;525652
7500;125113;60486;525083
7500;117877;62120;521670
7500;124898;57542;532479
7500;121198;62071;522239
7500;131636;70226;537030
7500;124309;65533;525083
7500;125163;62844;530204
7500;123141;55799;516550
7600;118548;58049;544995
7600;115726;56269;525653
7600;122154;67272;534755
7600;123679;58065;541581
7600;126512;66395;537599
7600;125678;58391;533048
7600;127539;64916;541582
7600;122323;62980;555235
7600;127140;61780;530772
7600;119898;59768;528497
7700;139498;75951;547270
7700;122288;55471;528497
7700;131642;74687;553528
7700;126920;68840;552390
7700;120999;59174;538737
7700;125130;63664;554097
7700;121801;61481;533048
7700;127889;65100;550115
7700;123703;60309;535892
7700;121028;60205;558649
7800;130540;63216;551821
7800;125514;63443;591643
7800;128321;69064;559786
7800;132791;64225;547840
7800;126847;60496;550684
7800;130183;63673;538737
7800;127188;57883;538737
7800;122765;61521;555235
7800;124028;65143;547839
7800;134794;65793;556942
7900;134105;71355;566612
7900;125407;62782;554666
7900;128028;63398;565475
7900;133351;60102;558648
7900;127908;64602;560924
7900;122342;64171;560923
7900;126636;66927;559217
7900;124669;59349;551822
7900;123153;59285;556942
7900;134884;70435;554666
8000;125328;60486;566613
8000;123868;61955;566043
8000;127290;65903;571733
8000;133625;69135;566613
8000;124302;64653;571164
8000;125954;63107;566043
8000;135193;60784;547270
8000;125606;60068;577991
8000;134962;64861;560924
8000;137983;68700;570595
8100;131179;68847;576284
8100;128077;65843;579128
8100;129174;61230;568319
8100;130856;63775;570595
8100;132748;57674;566612
8100;126480;62099;575145
8100;135778;57961;558079
8100;140259;74107;571164
8100;130965;67792;573440
8100;133139;71425;577421
8200;134620;62264;593350
8200;132112;67445;575715
8200;133550;67262;580835
8200;132260;69744;582542
8200;135591;70291;583110
8200;141595;59895;579697
8200;132747;63461;579697
8200;145249;69499;578559
8200;136884;70189;622933
8200;128582;68762;583111
8300;139738;63387;591075
8300;145275;82964;586524
8300;131944;69880;594488
8300;140489;62558;576284
8300;141288;72048;588799
8300;133979;69011;588800
8300;139002;67915;580835
8300;136425;66999;585955
8300;131522;64900;591644
8300;136279;68355;589936
8400;137602;71991;599608
8400;136887;67160;592213
8400;138366;68366;595626
8400;133026;62561;593919
8400;135776;75474;602452
8400;138187;73525;600745
8400;136999;61541;590506
8400;132379;66435;597901
8400;142399;76558;603021
8400;139014;67845;581973
8500;133726;64360;596764
8500;146031;69910;602453
8500;143438;76718;609279
8500;146941;72637;600746
8500;137063;67554;620657
8500;141769;64582;589936
8500;138611;73756;616106
8500;145355;70931;598470
8500;141326;75763;596195
8500;144125;71888;589368
8600;144712;63427;603590
8600;144725;70777;614399
8600;150209;77862;616105
8600;141105;69288;626346
8600;136958;67627;609848
8600;157901;79673;626345
8600;135297;72538;613830
8600;139843;69498;648532
8600;131543;65146;610417
8600;138142;70754;614399
8700;139519;68263;612123
8700;149186;68932;607572
8700;144884;68441;618381
8700;146273;76051;613831
8700;136692;69480;619520
8700;149795;75957;610416
8700;148437;63508;621225
8700;139337;68464;614400
8700;140881;78400;636586
8700;141147;69247;604728
8800;145979;72694;620088
8800;155504;80981;618381
8800;153117;75923;630897
8800;147426;69792;633741
8800;143664;74394;676408
8800;141493;73409;632034
8800;141478;69807;624639
8800;137557;65733;622932
8800;140044;65719;620657
8800;143380;73652;641706
8900;152919;71024;623502
8900;155088;74345;643981
8900;146944;74203;629759
8900;147456;76927;673564
8900;147180;77989;645119
8900;155442;75612;633172
8900;148728;70762;640568
8900;162996;78023;626914
8900;146331;80631;645688
8900;148332;69426;629759
9000;149811;81876;661048
9000;154806;74829;633173
9000;149811;77131;644550
9000;144257;67672;643981
9000;157471;79047;654790
9000;151485;77535;639999
9000;142722;69428;636585
9000;161596;82911;663324
9000;150038;76839;640568
9000;151116;75049;646826
9100;150844;83810;648533
9100;168503;84510;662186
9100;140609;67617;661048
9100;159267;80507;645119
9100;145245;74095;648532
9100;155306;84904;659341
9100;148073;79657;655928
9100;153529;71376;642275
9100;150776;72552;651946
9100;148694;68321;638861
9200;155812;79337;654790
9200;146641;78738;655928
9200;155716;78616;659910
9200;154029;83667;671288
9200;152260;78551;665599
9200;160283;84031;662186
9200;150576;75087;659341
9200;151328;79973;655928
9200;151736;73727;650808
9200;153477;77672;661048
9300;159578;76666;657635
9300;162377;76906;663893
9300;160492;85156;655359
9300;152488;77039;666168
9300;155228;84675;671857
9300;154970;70688;669013
9300;159358;91908;678683
9300;155674;81309;662186
9300;147903;74243;671287
9300;155032;85033;666737
9400;154902;81894;666737
9400;157665;76313;670719
9400;156243;76763;663324
9400;161568;88056;686079
9400;154265;83101;687217
9400;169250;88290;682097
9400;156762;83699;686080
9400;147284;72811;671288
9400;155936;84329;687217
9400;168917;79291;661048
9500;169120;78987;675270
9500;160103;82887;686648
9500;162325;84970;695750
9500;163841;78888;679252
9500;156474;79251;688355
9500;171152;82446;703145
9500;159309;79340;682665
9500;157972;76563;671856
9500;158593;80378;693475
9500;160726;86946;692906
9600;155910;72541;680391
9600;176872;91736;691199
9600;156709;80127;691199
9600;159239;82324;698026
9600;171692;94007;696319
9600;163021;82830;707696
9600;162319;72180;671288
9600;158474;79139;687785
9600;163453;70470;685510
9600;162426;81751;692337
9700;159734;91143;702577
9700;158416;82310;702008
9700;159317;76664;691768
9700;166678;79823;690061
9700;162605;82205;695750
9700;158663;78474;698025
9700;158937;82793;699163
9700;161342;73186;682666
9700;165807;77874;692337
9700;159396;76177;688923
9800;159938;79774;711110
9800;167668;84958;690061
9800;160381;80009;705990
9800;157971;76275;703146
9800;162340;73982;703715
9800;157360;78418;698026
9800;163415;74852;689492
9800;160288;75943;703714
9800;180438;97212;720781
9800;182325;91751;723625
9900;191520;91718;719643
9900;183699;101081;725901
9900;170550;80393;713386
9900;169377;89055;709973
9900;167269;85134;700870
9900;171045;84628;715092
9900;177279;85434;712817
9900;164258;84494;703146
9900;161625;79614;707697
9900;162009;79470;706559
10000;171232;84151;734435
10000;171635;83143;724764
10000;167527;83404;720213
10000;167813;83739;718506
10000;169036;83623;708266
10000;173221;82954;714524
10000;170401;88977;730452
10000;167385;91477;727608
10000;160327;81933;722488
10000;172392;79836;721351
