100;984;416;36978
100;1085;461;33564
100;1168;523;35271
100;1081;506;30151
100;1040;397;28445
100;1120;438;31857
100;960;379;27876
100;1099;462;29582
100;1027;428;31289
100;982;440;46649
200;2323;930;87039
200;2069;871;100694
200;2371;1071;42667
200;2389;947;26169
200;2365;958;27307
200;2310;990;25600
200;2359;1086;27876
200;2284;1025;25600
200;2217;953;56888
200;2312;971;29582
300;3482;1514;35840
300;3667;1537;18205
300;3477;1480;18204
300;3813;1942;32427
300;3532;1607;18205
300;3643;1628;19342
300;3623;1642;17635
300;3502;1485;18205
300;3741;1657;18205
300;3692;1585;18205
400;5071;2097;26169
400;4991;2124;26738
400;4875;1984;25031
400;4629;1977;25600
400;5116;2344;25600
400;5102;2131;25031
400;4948;2358;25600
400;5078;2107;27307
400;5095;2381;28445
400;5166;2283;25031
500;6367;2992;38685
500;6818;3426;35840
500;6459;2994;32426
500;6390;2517;37547
500;6455;2699;32996
500;6216;2682;34133
500;6447;2927;32427
500;6580;3056;34133
500;6391;2867;34133
500;6291;2649;32426
600;7847;3510;41529
600;7960;3278;40391
600;7677;3153;42667
600;7965;3127;41528
600;8000;3475;41528
600;7830;3459;29014
600;7919;3360;28444
600;7888;3397;29582
600;7775;3364;27875
600;7754;3544;54045
700;9327;3800;30151
700;9767;3960;30720
700;9630;4467;30720
700;9471;4176;31289
700;9340;4360;30719
700;9324;3738;31858
700;9062;3934;30720
700;9409;3971;30151
700;9681;4013;30151
700;9467;4211;30720
800;11196;4721;35271
800;11034;4918;35271
800;10866;4730;35840
800;11015;4677;35272
800;11166;5019;36408
800;11261;5234;35840
800;10846;4367;35840
800;10595;4707;36409
800;11744;4825;35840
800;10811;4732;37547
900;12125;5147;41529
900;12719;5853;40960
900;12861;6046;39822
900;12819;5712;41529
900;12363;5045;39822
900;12421;5549;41529
900;12816;5180;40391
900;12476;5387;39822
900;12277;5696;40959
900;12447;5354;40960
1000;13996;5951;45511
1000;14140;6494;46649
1000;13739;5987;45511
1000;14180;6773;58027
1000;13693;6088;46649
1000;13877;6475;44942
1000;14103;5759;44942
1000;13953;6062;46080
1000;13878;6128;47217
1000;14243;6950;46080
1100;16212;7105;51200
1100;15041;6289;50062
1100;15793;7024;56320
1100;15501;7321;50062
1100;15660;7174;50062
1100;15954;7108;50062
1100;15698;7478;50631
1100;15774;7588;51769
1100;15842;6428;50631
1100;15696;6676;50631
1200;16153;7377;56889
1200;16770;7025;56889
1200;17290;7958;58027
1200;17264;7024;55751
1200;17223;7682;55751
1200;16890;7130;56889
1200;16950;7377;55751
1200;16869;8135;56889
1200;17023;7792;56320
1200;16921;7621;56320
1300;18785;8262;62009
1300;18947;8088;62578
1300;18695;8119;60871
1300;18167;8314;87609
1300;18853;9056;89884
1300;18841;8281;93297
1300;18933;8538;87608
1300;19032;7923;88177
1300;18450;8212;62578
1300;18585;8205;63716
1400;21199;8534;65422
1400;20926;9129;66559
1400;19847;8363;65991
1400;20529;8199;64854
1400;20458;9617;67698
1400;21133;10588;67129
1400;20669;8721;95004
1400;20262;9006;73387
1400;19976;8921;74524
1400;20136;8136;72818
1500;21725;9905;80213
1500;22006;10703;80214
1500;21319;9740;80213
1500;21710;10405;80213
1500;21994;10089;79076
1500;22181;10486;79076
1500;21820;9347;78506
1500;22305;10697;79075
1500;21767;9290;78507
1500;22266;10089;79075
1600;23896;10270;85902
1600;24198;10871;84764
1600;23569;11286;85333
1600;22951;10061;85902
1600;24304;11065;84764
1600;23430;10392;86471
1600;23123;10886;84765
1600;23792;10494;87040
1600;22881;10606;85902
1600;23912;10337;84765
1700;25217;11094;90453
1700;25997;11085;92729
1700;25345;11538;97280
1700;25537;11944;94435
1700;25979;12450;92160
1700;25185;11403;91022
1700;25185;10755;91022
1700;24722;10152;90453
1700;24899;10781;92160
1700;25042;10952;89884
1800;26396;10769;96142
1800;28491;12598;96142
1800;26605;11281;97280
1800;25940;12132;98418
1800;26793;11955;100693
1800;27732;11433;97280
1800;27018;11363;97849
1800;27010;10906;96711
1800;26340;11125;97848
1800;27997;11409;95573
1900;29010;11748;101831
1900;28709;13086;103538
1900;28576;12437;102400
1900;28305;13533;103538
1900;28776;12674;102400
1900;28581;11722;102969
1900;28342;12644;102968
1900;29643;14417;104675
1900;28490;12918;103538
1900;29336;14005;103538
2000;30651;14626;110365
2000;31305;14797;109795
2000;29679;12680;110364
2000;32222;13602;108089
2000;30726;14224;109227
2000;30189;13051;108657
2000;32854;15786;113778
2000;30589;14648;110933
2000;30370;13963;109795
2000;29663;12611;112070
2100;32335;13334;116622
2100;31352;14378;119467
2100;32514;15230;116622
2100;34644;15326;117760
2100;31183;14278;117190
2100;33003;16287;116622
2100;33968;16730;116053
2100;31066;14259;114346
2100;34289;17602;124587
2100;31310;13303;114915
2200;33861;14598;120035
2200;34344;15269;122310
2200;34414;13950;127431
2200;32917;14697;121742
2200;33284;14672;121173
2200;33709;14812;120605
2200;33985;15543;121742
2200;33579;15093;121742
2200;33876;15530;122311
2200;33644;14561;120604
2300;34434;15371;128000
2300;36929;15886;128568
2300;34224;15494;129138
2300;34622;15099;130844
2300;34965;15594;126293
2300;35946;15284;128000
2300;35083;16471;129138
2300;35637;15318;128569
2300;35880;16347;129137
2300;35916;15990;126862
2400;37311;15558;131982
2400;38120;17655;136533
2400;36329;16356;134827
2400;38968;18450;137102
2400;37193;17698;135964
2400;36986;17023;137102
2400;36678;17243;136533
2400;36869;15872;137102
2400;38139;16643;131982
2400;38049;16456;133120
2500;40042;18428;139378
2500;38065;16902;141084
2500;39252;17948;140515
2500;39677;18076;138240
2500;39850;19559;145066
2500;38650;16420;140515
2500;38625;17048;143929
2500;39740;17923;141653
2500;39440;18938;142791
2500;38681;16576;143929
2600;39294;17535;147342
2600;41550;19524;147911
2600;40130;17332;147342
2600;39477;18434;149048
2600;40923;18559;145066
2600;41478;18795;147911
2600;39632;18158;149049
2600;41216;19678;145635
2600;39231;17428;149618
2600;42183;20188;145066
2700;42178;18394;154169
2700;41591;17078;154738
2700;42291;19191;153599
2700;42752;18950;151324
2700;41374;19593;153600
2700;42103;18327;152462
2700;44173;19866;152462
2700;42164;18771;154169
2700;43755;19845;153031
2700;43161;17223;152462
2800;43885;19941;161564
2800;43849;20093;159858
2800;43789;20031;160996
2800;43668;18740;157013
2800;44735;18868;158720
2800;42964;19376;159857
2800;44468;19009;157014
2800;43824;19563;159858
2800;44248;20054;159289
2800;42737;19095;160995
2900;46765;18232;161565
2900;46205;18959;163840
2900;47366;22403;164409
2900;46550;19561;167253
2900;46320;21012;163840
2900;45172;20288;167822
2900;44959;19339;166684
2900;47782;21292;164978
2900;44883;19345;164409
2900;46473;22373;164409
3000;47407;21719;173511
3000;46989;20248;171235
3000;48621;20886;173511
3000;47274;22276;172942
3000;50337;23020;172942
3000;48323;21976;173511
3000;47169;21246;171804
3000;47356;21692;171804
3000;48759;22712;170098
3000;46706;20380;173511
3100;48711;22462;178062
3100;50155;21909;178062
3100;52086;23425;177493
3100;51425;23792;180337
3100;49897;24150;178062
3100;49444;21630;175786
3100;51555;23874;177493
3100;48248;20235;180906
3100;49285;21432;179769
3100;49329;21062;178062
3200;50473;21820;186026
3200;51330;23695;187164
3200;49731;21924;186595
3200;49915;22252;186595
3200;53517;23943;185457
3200;51208;24402;186026
3200;52012;22903;186027
3200;49374;21170;186595
3200;52471;22754;184320
3200;52644;20780;180907
3300;52185;24177;199111
3300;52661;23913;190008
3300;52306;23750;259413
3300;51561;24609;192853
3300;55828;24522;193990
3300;52492;24279;192284
3300;51497;23128;193991
3300;52909;24883;192284
3300;54007;25583;193991
3300;52017;21360;192284
3400;56620;23767;194559
3400;56046;24752;196266
3400;55224;22969;196835
3400;54053;24342;197404
3400;56494;25150;199680
3400;54056;24511;199680
3400;53621;23863;196835
3400;54626;23431;197973
3400;56177;27088;195697
3400;55270;25947;199679
3500;55284;25422;204800
3500;56924;25635;203662
3500;56032;24637;203662
3500;56044;23634;203093
3500;57373;27239;211626
3500;58054;26552;203662
3500;57205;25630;203662
3500;55563;25746;204799
3500;57533;26839;205368
3500;55742;24878;208213
3600;60105;29855;245759
3600;58863;26886;210488
3600;57919;26063;209350
3600;58163;26151;211627
3600;57358;25431;215040
3600;58686;26470;208214
3600;58159;27271;215039
3600;60157;31392;211626
3600;58735;26968;210489
3600;57891;27322;212195
3700;60528;26892;217884
3700;62392;31635;221298
3700;64093;25951;214471
3700;62082;26806;215608
3700;59469;25821;216178
3700;61146;29914;215608
3700;59089;27001;217884
3700;61095;29570;224711
3700;61184;26345;224710
3700;61660;24712;216747
3800;60963;27750;225280
3800;60898;27926;226418
3800;62603;29395;226417
3800;60666;27404;228693
3800;63826;28080;221867
3800;62321;27601;224142
3800;62152;27261;223573
3800;61933;26028;222435
3800;62519;28419;223004
3800;61288;25616;224142
3900;64103;31382;229831
3900;63056;26957;230969
3900;66351;25204;225848
3900;63562;29032;231538
3900;61893;28883;236657
3900;66120;30742;228124
3900;62782;27549;229262
3900;63234;28455;229262
3900;64518;30497;241209
3900;62152;27267;233244
4000;65190;30447;239502
4000;66865;31692;234382
4000;65093;29040;236658
4000;66129;30810;236089
4000;65538;31259;235520
4000;67821;32371;238364
4000;65733;31712;237226
4000;67315;29095;233813
4000;64305;31164;236089
4000;66410;31001;237795
4100;68005;31143;244621
4100;66467;28159;246329
4100;67135;29236;243484
4100;67737;29617;242915
4100;66949;32707;246898
4100;66970;30823;243484
4100;66923;30208;242347
4100;67984;31481;242916
4100;69764;33446;244053
4100;66828;29923;244622
4200;72017;33626;250311
4200;69940;30088;249173
4200;67318;29582;251448
4200;70632;29522;244622
4200;69611;30806;249742
4200;68742;31994;250311
4200;67196;29630;253724
4200;68720;29841;248035
4200;67462;30033;250880
4200;68477;31651;254293
4300;69042;30935;259982
4300;69536;33225;257137
4300;69618;32705;267378
4300;68549;30250;262258
4300;70052;29399;259982
4300;71166;34328;256568
4300;70065;30164;257706
4300;69675;31435;259413
4300;71846;34156;256568
4300;72172;33112;256569
4400;73543;31271;263396
4400;73613;33859;263395
4400;74911;36763;270791
4400;70831;32216;265102
4400;70555;30709;265671
4400;73250;30459;260551
4400;73612;30925;259982
4400;70466;31014;261689
4400;72776;30064;260551
4400;76018;34680;267377
4500;72239;32806;274204
4500;73771;32944;272498
4500;73705;31413;267946
4500;72494;31896;271929
4500;73555;32029;271360
4500;76557;37756;272497
4500;75078;34576;270791
4500;72779;33743;273066
4500;73080;33912;269653
4500;74136;34876;268515
4600;75466;32091;278186
4600;75493;32676;274204
4600;76419;35616;276480
4600;77211;35222;277618
4600;75070;33892;278187
4600;77982;35576;275911
4600;79041;36907;274204
4600;75792;33864;276480
4600;78313;36135;346453
4600;76205;36648;278755
4700;77395;32643;281599
4700;78765;34570;280462
4700;77053;34756;286719
4700;80331;39772;290701
4700;78367;38424;283875
4700;77989;34817;280462
4700;77780;34083;285013
4700;78955;32161;282737
4700;78279;35103;282737
4700;77733;33445;281030
4800;79603;36634;290702
4800;78689;33680;290702
4800;80486;37959;292409
4800;80730;39942;289564
4800;79748;35950;288995
4800;78463;33365;292408
4800;82014;38693;289564
4800;82601;36245;290132
4800;82485;33725;290702
4800;81653;36314;292409
4900;81109;35317;295253
4900;81483;34555;292978
4900;82557;34104;293546
4900;80385;36810;295253
4900;85407;39039;294115
4900;81869;37647;296391
4900;84193;40588;302649
4900;83326;39415;295253
4900;83918;40461;292978
4900;82628;37395;292978
5000;84871;41211;303217
5000;84532;38707;303217
5000;83830;36044;302079
5000;82154;36040;304356
5000;86023;39853;306630
5000;84328;37638;304355
5000;85004;37644;302649
5000;84587;41026;300942
5000;82292;36282;303786
5000;87908;36933;302079
5100;84559;39858;311182
5100;84845;38184;308337
5100;85694;39561;306631
5100;84731;37575;311751
5100;86340;40256;310613
5100;85809;37735;311182
5100;82838;37743;314026
5100;87323;42428;312320
5100;84981;40144;312888
5100;83396;37244;310613
5200;88290;42839;318578
5200;88062;37810;315164
5200;87267;37521;311750
5200;87221;39640;316870
5200;86224;38753;319715
5200;86241;40236;314595
5200;86487;39901;316302
5200;86488;39052;318578
5200;86502;37199;319715
5200;86562;40254;318009
5300;89760;42350;323128
5300;89777;40952;325404
5300;87248;38962;327110
5300;89248;39915;321422
5300;86507;36135;323697
5300;89112;42913;323129
5300;91830;46741;323697
5300;90250;36439;319147
5300;87938;41189;327111
5300;92401;43776;319715
5400;92567;40233;370915
5400;91428;42124;365795
5400;91377;41382;325972
5400;91887;42040;329387
5400;89531;40043;332231
5400;91633;42371;331093
5400;94259;41533;327110
5400;89532;39323;331662
5400;94679;44590;333937
5400;92232;42352;329387
5500;90745;42273;339626
5500;94413;42629;336213
5500;95128;41852;337919
5500;92558;40047;338488
5500;92560;41491;332231
5500;91884;39728;337920
5500;91696;41111;334506
5500;92908;38404;332231
5500;95678;41230;333937
5500;93802;44767;336782
5600;97144;47745;347591
5600;93216;41802;347021
5600;96004;44780;343039
5600;95324;45057;344177
5600;95015;44597;343039
5600;93363;42759;343039
5600;91945;42008;347021
5600;99574;41819;347022
5600;93099;44174;344746
5600;94820;43515;339627
5700;96165;42831;347591
5700;97440;43440;349866
5700;95441;41707;351004
5700;98621;47023;352142
5700;98650;46960;356124
5700;94821;39691;347591
5700;97274;43039;346453
5700;97644;46278;359537
5700;100062;46459;349297
5700;96983;42571;354417
5800;99263;47357;357261
5800;98584;46717;358969
5800;99532;43732;361244
5800;99515;44838;357831
5800;99984;44315;356124
5800;96116;45722;365226
5800;101625;45558;351573
5800;102400;46614;370915
5800;99190;46181;355555
5800;100323;46228;357261
5900;103183;46586;360106
5900;103712;49656;369209
5900;98112;43928;365226
5900;99736;45366;364657
5900;99265;43948;366933
5900;100789;46298;364658
5900;99987;44529;366933
5900;101480;42864;356693
5900;98477;43287;361813
5900;101727;48183;357831
6000;104997;49999;371484
6000;101760;49008;373759
6000;100510;43425;384569
6000;103718;47633;374328
6000;103287;43072;365795
6000;105234;49883;376604
6000;104116;46158;378310
6000;100859;45241;373760
6000;104249;53398;370347
6000;100465;48524;372622
6100;106306;52288;379448
6100;101946;44905;377742
6100;104984;47276;375466
6100;101982;44325;375466
6100;107409;53773;382293
6100;108757;47789;385137
6100;101234;43294;376604
6100;103058;47461;378310
6100;105123;49281;381155
6100;103720;47531;378879
6200;105328;46023;408461
6200;104423;46239;390257
6200;103820;48231;387413
6200;109927;52339;392532
6200;104820;45516;383430
6200;104001;48824;383999
6200;104350;47918;387981
6200;108989;53641;381724
6200;105270;46403;386275
6200;104567;46272;385137
6300;111952;48562;387982
6300;106604;46384;395946
6300;110761;52957;384569
6300;108471;50494;384000
6300;105014;50195;395946
6300;106737;48017;391964
6300;106585;49433;387981
6300;106575;49169;400498
6300;110519;49627;386844
6300;109517;49708;394240
6400;108052;47043;401066
6400;109942;49460;398791
6400;113855;51403;393101
6400;109981;53324;399359
6400;109414;49548;401635
6400;110910;47247;397084
6400;110522;50434;399359
6400;109030;47521;403342
6400;107534;47450;404480
6400;107780;48148;393671
6500;117740;50019;400497
6500;110296;51256;410168
6500;112417;49208;402203
6500;112931;49353;403342
6500;113168;47845;403342
6500;111804;51310;407324
6500;113000;50659;403911
6500;110420;51002;405618
6500;109762;50870;404479
6500;112354;50468;407893
6600;112860;49051;406186
6600;111258;48127;410737
6600;118786;56002;429510
6600;114094;52101;409600
6600;112485;51580;412444
6600;112266;49812;409600
6600;115824;49437;413582
6600;113971;51177;420977
6600;115763;54092;411306
6600;114710;55649;414719
6700;114715;48455;417564
6700;115694;50029;420408
6700;113232;53932;426097
6700;120736;49536;411875
6700;116705;52064;415857
6700;119650;52638;418132
6700;115374;51265;415857
6700;117447;56586;420977
6700;115150;51071;419270
6700;115897;51209;414720
6800;116082;50168;426097
6800;119610;55867;428373
6800;119504;50761;424391
6800;116735;51066;424391
6800;114355;50755;428941
6800;117037;52266;422684
6800;117774;57240;429511
6800;113644;49903;427235
6800;117731;56406;428941
6800;124161;58885;430079
6900;123585;51150;433493
6900;117979;50124;434630
6900;118053;55272;430648
6900;121356;54013;427235
6900;117743;51166;432924
6900;121838;58312;446577
6900;116380;52783;434062
6900;119830;56579;434062
6900;120316;57198;435199
6900;120503;55322;436907
7000;118277;51876;438044
7000;119006;54212;443164
7000;121450;55004;435199
7000;119444;56654;442595
7000;120486;57069;453403
7000;122207;54130;444870
7000;128132;64529;451697
7000;122907;55488;437474
7000;123983;56228;432924
7000;118698;51646;455679
7100;124086;58032;444871
7100;122452;55459;446577
7100;123093;53146;452266
7100;122274;57365;450559
7100;124269;57807;444301
7100;122338;57291;449421
7100;121843;55081;445439
7100;123485;54518;447715
7100;122608;57042;461937
7100;123102;54965;453972
7200;127321;58057;445440
7200;125155;54739;452835
7200;127010;60054;451697
7200;125865;58620;447715
7200;124788;56226;448853
7200;122988;53422;453972
7200;127035;56693;451128
7200;129911;59786;457386
7200;124616;54280;450559
7200;125796;57437;454541
7300;126043;56761;464782
7300;125938;51967;461369
7300;131389;55181;459093
7300;125910;60733;463075
7300;127086;55361;459662
7300;125483;53503;460231
7300;131020;57346;451697
7300;126052;59264;469901
7300;128671;60194;458524
7300;126922;59406;459093
7400;128915;62586;471608
7400;127769;61323;471039
7400;130933;60926;463643
7400;128293;61054;475021
7400;132328;61364;464782
7400;126221;57000;471040
7400;128839;58055;469901
7400;126911;58830;472746
7400;129233;60598;463644
7400;127397;58624;470471
7500;128424;58213;474453
7500;135294;64251;470471
7500;133105;59255;468764
7500;133786;58852;474452
7500;133690;60440;471039
7500;129934;61098;484693
7500;132989;55073;465919
7500;129351;56606;474452
7500;132042;59753;469333
7500;128910;58463;473884
7600;130871;62212;492657
7600;136497;65543;479003
7600;135258;62463;480711
7600;133237;57349;485831
7600;131924;59933;483555
7600;132581;57539;486399
7600;137459;68858;484693
7600;130715;61300;485831
7600;135271;59926;477298
7600;135249;64914;479004
7700;137226;63661;491520
7700;135049;60771;488675
7700;140739;62493;489244
7700;131752;57564;490382
7700;137659;59960;480710
7700;134944;61314;481848
7700;133613;60232;486399
7700;137647;56918;481849
7700;134904;62838;488106
7700;133282;60286;496071
7800;138180;63106;499484
7800;133959;63681;521671
7800;136435;61501;495501
7800;140329;68551;492657
7800;135841;59763;506310
7800;134319;59159;496639
7800;133992;58692;491519
7800;134604;60181;492658
7800;141427;63858;489812
7800;135415;61345;489812
7900;141154;61175;501191
7900;138182;65691;504603
7900;135279;62077;509155
7900;144181;61133;499484
7900;135228;57844;503466
7900;137918;59986;498346
7900;141650;67604;501191
7900;137129;60579;500052
7900;137854;63625;503465
7900;139635;65141;505742
8000;140136;61027;503466
8000;138835;61514;522808
8000;142565;61611;506879
8000;138305;64669;513137
8000;138953;64610;511430
8000;137801;60984;509724
8000;140291;64796;504603
8000;139348;61998;503465
8000;139902;61177;502897
8000;146636;66367;512568
8100;139880;65850;519964
8100;140087;63339;526790
8100;140165;64411;522808
8100;142391;65271;512568
8100;147173;63104;511431
8100;142634;66643;533617
8100;141660;62231;514275
8100;140784;65820;523946
8100;139511;63762;515981
8100;140638;64135;519964
8200;142580;70173;527928
8200;145985;69038;522808
8200;145447;62257;517120
8200;142685;62590;521670
8200;143139;64658;522808
8200;144481;65582;521671
8200;141126;62019;527929
8200;144966;65281;528497
8200;152653;66642;519395
8200;147402;61092;515412
8300;146292;59178;526221
8300;150356;70113;531910
8300;145066;61427;527928
8300;146903;65721;521101
8300;151985;68221;525084
8300;147589;67772;530204
8300;151247;66794;522808
8300;146541;62354;548977
8300;141797;63122;537599
8300;146036;68943;531341
8400;148281;71588;539874
8400;147732;64320;531910
8400;146468;65223;541013
8400;148535;68381;542720
8400;148399;62314;534755
8400;147910;67864;534185
8400;146141;65601;532479
8400;144435;64925;543288
8400;147943;68849;536461
8400;146197;69516;537599
8500;148872;66252;545563
8500;157578;66592;543288
8500;151244;68407;545564
8500;149818;64145;547271
8500;157870;70364;538737
8500;148205;66737;550114
8500;150703;69738;550114
8500;152723;66128;540444
8500;150666;70851;547839
8500;148665;68280;540444
8600;154623;69614;547270
8600;149410;66908;556941
8600;150956;71704;552391
8600;148818;67927;592213
8600;150383;69487;555235
8600;157362;76780;544995
8600;148607;67191;551253
8600;154182;72284;577421
8600;151327;67471;572870
8600;150200;68703;551821
8700;152825;69999;556942
8700;153483;68315;562061
8700;155331;69934;556942
8700;154550;72077;563199
8700;150823;68707;562061
8700;156428;72381;554666
8700;157194;73631;562062
8700;150211;67943;562061
8700;156697;72737;716799
8700;154261;69285;595057
8800;159795;73009;562061
8800;162773;74521;567182
8800;156242;69868;565475
8800;157389;74313;567181
8800;153408;69870;568888
8800;156738;73361;567182
8800;154073;70389;566044
8800;153959;69695;560924
8800;156500;67779;560355
8800;159832;68832;555235
8900;156975;67649;570595
8900;155692;67132;572871
8900;156508;70139;569457
8900;159077;75747;570026
8900;157086;71274;573440
8900;154200;72043;578560
8900;155609;74911;574577
8900;159967;71855;568319
8900;154601;69088;573439
8900;158483;70212;577422
9000;161902;74274;575146
9000;157350;67777;579697
9000;163231;74604;575715
9000;162552;78216;588230
9000;160657;74192;579128
9000;157731;68940;581973
9000;158869;73644;587661
9000;168645;74111;587662
9000;158221;69211;583679
9000;157608;71511;589937
9100;166853;79494;581403
9100;162730;75227;585955
9100;165999;76590;580266
9100;168015;73737;585386
9100;161234;71440;586524
9100;168792;77951;600746
9100;158591;74475;591075
9100;159348;71016;584817
9100;166040;67749;584248
9100;167104;78179;603022
9200;162534;72917;593919
9200;164443;80396;599608
9200;166091;75753;588799
9200;170995;86144;592213
9200;164289;77109;595057
9200;166287;79774;597901
9200;162194;71671;593920
9200;160064;72216;599039
9200;165995;71562;593350
9200;163994;74657;604159
9300;161671;74522;606434
9300;166010;71991;599039
9300;184270;85313;601315
9300;162531;72578;605297
9300;166477;73698;598470
9300;163980;73968;600177
9300;169391;80369;600177
9300;168066;68466;589368
9300;162680;73349;601884
9300;166306;78089;601315
9400;166256;79352;609849
9400;171095;72150;605297
9400;170635;79073;604159
9400;169674;78061;607572
9400;176786;88134;619519
9400;167832;76795;606435
9400;166153;71882;610417
9400;164941;76363;613831
9400;169726;77138;615537
9400;175040;70956;602453
9500;166233;76417;621226
9500;172322;83830;617244
9500;171107;78927;617244
9500;167606;74563;613830
9500;167922;77936;621226
9500;166274;76344;615537
9500;169163;75383;616106
9500;169911;74812;609848
9500;165279;74397;612123
9500;169664;70025;608711
9600;167161;71417;628622
9600;172129;74517;616675
9600;174523;81204;628622
9600;168046;75770;632034
9600;167332;74451;630328
9600;172257;76158;620657
9600;170036;77004;622932
9600;170212;73074;624071
9600;169743;77144;625777
9600;170442;78713;627483
9700;172668;76660;628053
9700;173540;78271;622932
9700;178464;72099;637155
9700;176093;80398;628052
9700;173837;85669;628052
9700;169469;74917;635448
9700;173550;80063;634310
9700;171802;75040;629759
9700;176665;72737;628052
9700;173412;72959;620657
9800;177867;84344;631465
9800;174877;76135;639999
9800;177616;80982;636016
9800;172335;74086;638292
9800;182117;81483;634310
9800;172066;79513;640568
9800;175084;82716;639999
9800;177688;77341;631466
9800;181897;77853;629191
9800;176598;77905;633742
9900;187347;78131;641137
9900;178252;85603;641137
9900;174031;78274;649101
9900;176074;76881;644550
9900;179792;82391;644550
9900;176011;75343;637723
9900;178325;77686;636586
9900;174298;78201;643981
9900;177027;78184;645687
9900;179374;83709;644550
10000;175715;82537;657634
10000;185448;79099;651377
10000;178573;79160;659342
10000;179194;81466;653652
10000;179389;80565;647963
10000;176830;80729;653653
10000;178630;83908;652514
10000;179289;80035;641705
10000;183912;87408;658772
10000;175264;77792;659341
