100;2509;2509;84764
100;2427;2427;78507
100;2503;2503;80213
100;2450;2450;80782
100;2471;2471;79075
100;2574;2574;82489
100;2638;2638;85902
100;2479;2479;79644
100;2784;2784;88177
100;2603;2603;149048
200;9733;9733;424959
200;10201;10201;507448
200;9928;9928;508586
200;9533;9533;464781
200;10532;10532;87609
200;10488;10488;71111
200;10709;10709;70542
200;10222;10222;75093
200;9555;9555;67129
200;11520;11520;74524
300;24719;24719;84764
300;22591;22591;76231
300;21395;21395;73386
300;23582;23582;79645
300;21310;21310;72248
300;22127;22127;74524
300;23116;23116;81920
300;21667;21667;73956
300;22245;22245;77369
300;22383;22383;111502
400;42484;42484;141654
400;43350;43350;145067
400;40172;40172;133689
400;41762;41762;140516
400;43544;43544;143929
400;40436;40436;135965
400;41152;41152;136534
400;39338;39338;130844
400;43599;43599;144498
400;40256;40256;104106
500;57500;57500;128569
500;65485;65485;128568
500;63341;63341;127431
500;63462;63462;127431
500;62045;62045;128568
500;61998;61998;128000
500;62160;62160;99555
500;64121;64121;102969
500;61102;61102;97280
500;63620;63620;101262
600;89134;89134;142791
600;89461;89461;142791
600;88466;88466;141084
600;95317;95317;151893
600;94689;94689;151893
600;90590;90590;146773
600;89627;89627;143360
600;86450;86450;141084
600;89230;89230;142791
600;92648;92648;147911
700;128190;128190;218453
700;123385;123385;196835
700;119870;119870;191715
700;120803;120803;193991
700;121265;121265;193422
700;125773;125773;200817
700;125383;125383;200817
700;128269;128269;204799
700;128952;128952;205369
700;127109;127109;202524
800;163406;163406;262257
800;155252;155252;247466
800;165155;165155;263395
800;157317;157317;251449
800;154407;154407;246329
800;162830;162830;259982
800;162602;162602;260551
800;161302;161302;259413
800;158832;158832;255431
800;159252;159252;254293
900;205061;205061;328248
900;198048;198048;316871
900;198981;198981;318009
900;199023;199023;317439
900;216864;216864;347591
900;210574;210574;337920
900;202113;202113;324266
900;204137;204137;327680
900;210026;210026;337351
900;204513;204513;328249
1000;248391;248391;398222
1000;247997;247997;395946
1000;242992;242992;387413
1000;258169;258169;413013
1000;245552;245552;393671
1000;251212;251212;402772
1000;250510;250510;401634
1000;257525;257525;410737
1000;252986;252986;406755
1000;246816;246816;394809
1100;299508;299508;479572
1100;306460;306460;490381
1100;298746;298746;479004
1100;303875;303875;485831
1100;303513;303513;487537
1100;308448;308448;494364
1100;303910;303910;486968
1100;300065;300065;480710
1100;303084;303084;484693
1100;309699;309699;496639
1200;363675;363675;582541
1200;357253;357253;574008
1200;368220;368220;591644
1200;359128;359128;575146
1200;350869;350869;563199
1200;367890;367890;633173
1200;355564;355564;569457
1200;371681;371681;598470
1200;344581;344581;552390
1200;355041;355041;571163
1300;426750;426750;684941
1300;423950;423950;679252
1300;434394;434394;695181
1300;427752;427752;727039
1300;415300;415300;805545
1300;430649;430649;846506
1300;422847;422847;798719
1300;407788;407788;791323
1300;436628;436628;715661
1300;434150;434150;698026
1400;491259;491259;788478
1400;493701;493701;790186
1400;489929;489929;783928
1400;491907;491907;787910
1400;505186;505186;810097
1400;488030;488030;783928
1400;475704;475704;799857
1400;480997;480997;769137
1400;501512;501512;802132
1400;482694;482694;774257
1500;550603;550603;882915
1500;557647;557647;891448
1500;565143;565143;903963
1500;564844;564844;905101
1500;562922;562922;903395
1500;569058;569058;912497
1500;578381;578381;926718
1500;572496;572496;921598
1500;550052;550052;881208
1500;573296;573296;918754
1600;652359;652359;1043909
1600;642919;642919;1029119
1600;645567;645567;1033669
1600;643841;643841;1030256
1600;640613;640613;1025705
1600;634145;634145;1014896
1600;634706;634706;1016035
1600;642530;642530;1029688
1600;636947;636947;1020016
1600;647808;647808;1037652
1700;715347;715347;1145740
1700;732762;732762;1259518
1700;718184;718184;1252692
1700;728546;728546;1228229
1700;711190;711190;1140620
1700;741093;741093;1186701
1700;723584;723584;1159394
1700;720322;720322;1155412
1700;709376;709376;1138345
1700;723727;723727;1160532
1800;797093;797093;1280567
1800;794934;794934;1274310
1800;824009;824009;1319820
1800;816112;816112;1307304
1800;830411;830411;1337456
1800;808876;808876;1298203
1800;816933;816933;1311287
1800;810916;810916;1298772
1800;821947;821947;1319252
1800;802165;802165;1285687
1900;882711;882711;1415962
1900;894804;894804;1433029
1900;888133;888133;1426771
1900;925978;925978;1499020
1900;898734;898734;1439856
1900;883798;883798;1416532
1900;894392;894392;1434735
1900;894160;894160;1433598
1900;906024;906024;1451234
1900;893244;893244;1434167
2000;993134;993134;1592887
2000;1008364;1008364;1617917
2000;997772;997772;1601420
2000;998075;998075;1599714
2000;993418;993418;1594593
2000;1012181;1012181;1623606
2000;999567;999567;1602558
2000;988461;988461;1584353
2000;1023640;1023640;1648068
2000;986260;986260;1580371
2100;1115583;1115583;1790860
2100;1105533;1105533;1775500
2100;1088097;1088097;1745917
2100;1106728;1106728;1776637
2100;1109779;1109779;1780620
2100;1127220;1127220;1814184
2100;1083399;1083399;1737385
2100;1080670;1080670;1733970
2100;1089714;1089714;1745918
2100;1102041;1102041;1768105
2200;1214034;1214034;1947303
2200;1221179;1221179;1959820
2200;1222632;1222632;1961526
2200;1238883;1238883;1988264
2200;1241155;1241155;1990539
2200;1234827;1234827;1982575
2200;1215732;1215732;1953561
2200;1230772;1230772;1974610
2200;1242598;1242598;1993953
2200;1190448;1190448;1912033
2300;1313146;1313146;2107161
2300;1296721;1296721;2082699
2300;1309012;1309012;2100335
2300;1309849;1309849;2099766
2300;1334220;1334220;2143001
2300;1304629;1304629;2093509
2300;1318232;1318232;2113988
2300;1322254;1322254;2121952
2300;1330633;1330633;2135037
2300;1364589;1364589;2190219
2400;1425783;1425783;2287499
2400;1412717;1412717;2268156
2400;1447978;1447978;2324477
2400;1415686;1415686;2271001
2400;1433426;1433426;2298877
2400;1442500;1442500;2314805
2400;1455527;1455527;2334717
2400;1441389;1441389;2309686
2400;1434288;1434288;2301152
2400;1450390;1450390;2325046
2500;1547429;1547429;2488885
2500;1599769;1599769;2566255
2500;1556398;1556398;2499694
2500;1549834;1549834;2488317
2500;1579570;1579570;2534397
2500;1550299;1550299;2488885
2500;1546731;1546731;2494006
2500;1575167;1575167;2536672
2500;1574951;1574951;2531552
2500;1553676;1553676;2491161
2600;1720713;1720713;2763089
2600;1713713;1713713;2747729
2600;1683397;1683397;2830787
2600;1690061;1690061;2712459
2600;1667094;1667094;2690272
2600;1665488;1665488;2674912
2600;1692130;1692130;2720423
2600;1694321;1694321;2717578
2600;1691324;1691324;2714734
2600;1728784;1728784;2774467
2700;1813205;1813205;2911570
2700;1818270;1818270;2916120
2700;1843241;1843241;2960494
2700;1825296;1825296;2928636
2700;1812561;1812561;2907018
2700;1836863;1836863;2958218
2700;1850375;1850375;3148227
2700;1843812;1843812;2968458
2700;1829955;1829955;2933756
2700;1826824;1826824;2929204
2800;1964716;1964716;3594235
2800;1985798;1985798;3192600
2800;1988149;1988149;3188049
2800;1966194;1966194;3155622
2800;1930343;1930343;3122058
2800;1933754;1933754;3107836
2800;1965256;1965256;3150502
2800;1950612;1950612;3128315
2800;1975827;1975827;3167569
2800;1978910;1978910;3180653
2900;2045416;2045416;3285898
2900;2102598;2102598;3378057
2900;2062978;2062978;3322876
2900;2080653;2080653;3337097
2900;2143479;2143479;3438360
2900;2075208;2075208;3327426
2900;2102640;2102640;3374075
2900;2099385;2099385;3368386
2900;2069859;2069859;3322875
2900;2108068;2108068;3387729
3000;2237667;2237667;3602200
3000;2267482;2267482;3644297
3000;2264735;2264735;3632919
3000;2270042;2270042;3646573
3000;2271276;2271276;3643728
3000;2237548;2237548;3591391
3000;2240188;2240188;3595373
3000;2258195;2258195;3626662
3000;2256619;2256619;3624386
3000;2222814;2222814;3563515
3100;2433856;2433856;3906554
3100;2446350;2446350;3928172
3100;2444623;2444623;3925328
3100;2390565;2390565;3839994
3100;2413627;2413627;3878110
3100;2419990;2419990;3886075
3100;2399916;2399916;3855923
3100;2443880;2443880;3929310
3100;2373120;2373120;3809844
3100;2408669;2408669;3866164
3200;2530915;2530915;4066412
3200;2576215;2576215;4134678
3200;2577566;2577566;4134110
3200;2526721;2526721;4096563
3200;2557325;2557325;4106235
3200;2537803;2537803;4070963
3200;2616374;2616374;4197826
3200;2527360;2527360;4066981
3200;2590040;2590040;4156296
3200;2568757;2568757;4123870
3300;2688974;2688974;4318429
3300;2750795;2750795;4412296
3300;2727633;2727633;4519246
3300;2720916;2720916;4687637
3300;2774871;2774871;4482838
3300;2699954;2699954;4342892
3300;2753430;2753430;4411727
3300;2736475;2736475;4387264
3300;2733569;2733569;4396936
3300;2753630;2753630;4437896
3400;2941834;2941834;4717220
3400;2971030;2971030;4764438
3400;2875621;2875621;4609700
3400;2890320;2890320;4640989
3400;2882357;2882357;4623923
3400;2867177;2867177;4600598
3400;2870400;2870400;4611976
3400;2794881;2794881;4479425
3400;2888594;2888594;4633024
3400;2833391;2833391;4549967
3500;3051236;3051236;4891869
3500;3051194;3051194;4898695
3500;3072779;3072779;4931691
3500;3094638;3094638;4961842
3500;3061723;3061723;4912917
3500;3096966;3096966;4967531
3500;3086654;3086654;4949326
3500;3020984;3020984;4852046
3500;3082681;3082681;4943638
3500;3054619;3054619;4917469
3600;3261207;3261207;5230926
3600;3227203;3227203;5178019
3600;3144126;3144126;5053433
3600;3232987;3232987;5184277
3600;3283830;3283830;5264490
3600;3154594;3154594;5068793
3600;3228330;3228330;5179157
3600;3208356;3208356;5155264
3600;3237097;3237097;5193948
3600;3293236;3293236;5282125
3700;3423402;3423402;5492046
3700;3425011;3425011;5496028
3700;3450913;3450913;5535850
3700;3429283;3429283;5508543
3700;3481311;3481311;5600135
3700;3407486;3407486;5464170
3700;3390886;3390886;5440846
3700;3413525;3413525;5474979
3700;3489090;3489090;5596721
3700;3443585;3443585;5525610
3800;3570686;3570686;5731547
3800;3686579;3686579;5926107
3800;3606945;3606945;5787867
3800;3634017;3634017;5838498
3800;3658102;3658102;5867512
3800;3594141;3594141;5766819
3800;3657981;3657981;5869218
3800;3612309;3612309;5796401
3800;3631314;3631314;5825983
3800;3619328;3619328;5807210
3900;3831637;3831637;6150818
3900;3858729;3858729;6195761
3900;3827498;3827498;6142853
3900;3843281;3843281;6164471
3900;3817766;3817766;6132614
3900;3872680;3872680;6215102
3900;3806123;3806123;6111565
3900;3848805;3848805;6176987
3900;3830527;3830527;6145698
3900;3783715;3783715;6072312
4000;4055684;4055684;6504097
4000;4017184;4017184;6445502
4000;4005169;4005169;6425022
4000;4022027;4022027;6451759
4000;4004689;4004689;6422746
4000;3986380;3986380;6398284
4000;3985136;3985136;6409093
4000;3964502;3964502;6361307
4000;3964988;3964988;6359600
4000;3949369;3949369;6332862
4100;4210919;4210919;6755546
4100;4143784;4143784;6976275
4100;4178014;4178014;6689555
4100;4226307;4226307;6778301
4100;4223978;4223978;6784559
4100;4255728;4255728;6831208
4100;4254917;4254917;6834621
4100;4194802;4194802;6729377
4100;4087807;4087807;6575777
4100;4209894;4209894;6787972
4200;4468709;4468709;7212932
4200;4440307;4440307;7123616
4200;4351439;4351439;6991065
4200;4406533;4406533;7067296
4200;4443217;4443217;7134994
4200;4497897;4497897;7218052
4200;4464532;4464532;7161732
4200;4396867;4396867;7053644
4200;4410288;4410288;7077537
4200;4475608;4475608;7187332
4300;4639023;4639023;7443331
4300;4708224;4708224;7567918
4300;4666709;4666709;7489981
4300;4624116;4624116;7418301
4300;4682735;4682735;7514442
4300;4620375;4620375;7417162
4300;4612510;4612510;7411473
4300;4622282;4622282;7415456
4300;4591206;4591206;7375634
4300;4525590;4525590;7261856
4400;4869779;4869779;7817660
4400;4869648;4869648;7815384
4400;4940690;4940690;7929162
4400;4748878;4748878;7622532
4400;4906130;4906130;7879100
4400;4830358;4830358;7752807
4400;4804242;4804242;7711847
4400;4878147;4878147;7828469
4400;4786560;4786560;7684541
4400;4899890;4899890;7860895
4500;5111484;5111484;8197677
4500;5039099;5039099;8086175
4500;5092819;5092819;8170939
4500;5098420;5098420;8186868
4500;5078489;5078489;8149890
4500;4985450;4985450;7997997
4500;5111761;5111761;8205642
4500;5025715;5025715;8060575
4500;5014126;5014126;8048629
4500;5037972;5037972;8086744
4600;5293465;5293465;8496343
4600;5327893;5327893;8562335
4600;5343908;5343908;8573712
4600;5350289;5350289;8583383
4600;5334836;5334836;8569161
4600;5269208;5269208;8449694
4600;5183232;5183232;8316575
4600;5229539;5229539;8396219
4600;5194747;5194747;8895134
4600;5266018;5266018;8528770
4700;5440223;5440223;8839951
4700;5543774;5543774;8920734
4700;5564879;5564879;8951453
4700;5558859;5558859;8936094
4700;5592965;5592965;8985587
4700;5571395;5571395;8942921
4700;5578847;5578847;8966245
4700;5593388;5593388;8979898
4700;5477970;5477970;8797854
4700;5554874;5554874;8928699
4800;5715841;5715841;9180715
4800;5705071;5705071;9159098
4800;5739791;5739791;9244432
4800;5744818;5744818;9263774
4800;5797601;5797601;9321231
4800;5758719;5758719;9258085
4800;5824358;5824358;9360484
4800;5716733;5716733;9180147
4800;5780109;5780109;9274582
4800;5728327;5728327;9208023
4900;6027931;6027931;9679631
4900;6042722;6042722;9699542
4900;6027088;6027088;9677924
4900;5974719;5974719;9596573
4900;5972447;5972447;9586334
4900;6043327;6043327;9738795
4900;6050663;6050663;9735381
4900;6090027;6090027;9798529
4900;5979217;5979217;9613071
4900;6062060;6062060;9732537
5000;6280971;6280971;10088092
5000;6208512;6208512;9973177
5000;6341824;6341824;10191630
5000;6236792;6236792;10014137
5000;6263601;6263601;10044288
5000;6179965;6179965;9914582
5000;6155731;6155731;9890688
5000;6257662;6257662;10049977
5000;6265017;6265017;10060217
5000;6372764;6372764;10239986
5100;6454273;6454273;10367985
5100;6615828;6615828;10645603
5100;6542950;6542950;10510208
5100;6459060;6459060;10374243
5100;6467848;6467848;10850402
5100;6534222;6534222;10527843
5100;6459380;6459380;10375381
5100;6640261;6640261;10669496
5100;6511878;6511878;10728092
5100;6563154;6563154;10544910
5200;6684173;6684173;10756536
5200;6776173;6776173;10886242
5200;6722869;6722869;10792375
5200;6856814;6856814;11004571
5200;6766385;6766385;10865762
5200;6946632;6946632;11154757
5200;6910761;6910761;11096730
5200;6819638;6819638;10951095
5200;6732962;6732962;10812287
5200;6919038;6919038;11106402
5300;7029971;7029971;11284464
5300;7076840;7076840;11376624
5300;6965187;6965187;11188322
5300;6966806;6966806;11187184
5300;6907370;6907370;11102420
5300;7084363;7084363;11374348
5300;7131113;7131113;11445459
5300;7019161;7019161;11271379
5300;7029616;7029616;11289583
5300;7002365;7002365;11349317
5400;7241189;7241189;11648552
5400;7231344;7231344;11977370
5400;7382415;7382415;11860179
5400;7253725;7253725;11675290
5400;7226292;7226292;11604748
5400;7350952;7350952;11801014
5400;7311481;7311481;11741281
5400;7354159;7354159;11828321
5400;7249773;7249773;11649121
5400;7321236;7321236;11766881
5500;7600198;7600198;12209475
5500;7572710;7572710;12160551
5500;7567481;7567481;12157139
5500;7546324;7546324;12182170
5500;7544951;7544951;12107645
5500;7631706;7631706;12255555
5500;7542126;7542126;12106507
5500;7525337;7525337;12084890
5500;7497017;7497017;12045636
5500;7628079;7628079;12249867
5600;7932420;7932420;12731715
5600;7891388;7891388;12683360
5600;7672249;7672249;12323822
5600;7858858;7858858;12618506
5600;7769185;7769185;12471165
5600;7709529;7709529;12381280
5600;7924301;7924301;12724888
5600;7871005;7871005;12630453
5600;7861381;7861381;12619075
5600;7807058;7807058;12528053
5700;8135574;8135574;13054275
5700;8169400;8169400;13116283
5700;8058565;8058565;12960408
5700;8116102;8116102;13021279
5700;8231251;8231251;13211856
5700;8120989;8120989;13036070
5700;8218696;8218696;13187395
5700;8062585;8062585;12941635
5700;8140383;8140383;13074186
5700;8053272;8053272;12927982
5800;8546013;8546013;13705083
5800;8441960;8441960;13540106
5800;8377009;8377009;13465012
5800;8404818;8404818;13496869
5800;8327462;8327462;13377404
5800;8455670;8455670;13659571
5800;8491121;8491121;13628282
5800;8441318;8441318;14184087
5800;8344616;8344616;13395039
5800;8524820;8524820;13684603
5900;8700948;8700948;13967909
5900;8796718;8796718;14118664
5900;8783970;8783970;14101028
5900;8682653;8682653;13947429
5900;8858642;8858642;14226754
5900;8783807;8783807;14104442
5900;8753029;8753029;14062914
5900;8640696;8640696;13875749
5900;8627745;8627745;13854700
5900;8757958;8757958;14064051
6000;9015974;9015974;14494130
6000;8964899;8964899;14387748
6000;9102501;9102501;14605632
6000;8927327;8927327;14331428
6000;8982049;8982049;14421313
6000;9042305;9042305;14514611
6000;8899070;8899070;14279091
6000;9100576;9100576;14614735
6000;9137847;9137847;14669348
6000;9087328;9087328;14593117
6100;9236083;9236083;14842290
6100;9512261;9512261;15280334
6100;9340066;9340066;14999303
6100;9305611;9305611;14939570
6100;9313964;9313964;14949810
6100;9378672;9378672;15057330
6100;9371647;9371647;15053917
6100;9396850;9396850;15090325
6100;9263645;9263645;15032299
6100;9281149;9281149;15012957
6200;9575125;9575125;15461241
6200;9643440;9643440;15686520
6200;9644195;9644195;15682538
6200;9556070;9556070;15562502
6200;9605817;9605817;15429382
6200;9623340;9623340;15451569
6200;9653877;9653877;15499355
6200;9484601;9484601;15223445
6200;9675316;9675316;15544298
6200;9632521;9632521;15499925
6300;9898087;9898087;15892457
6300;9923741;9923741;15963568
6300;9981325;9981325;16029559
6300;10026308;10026308;16102377
6300;9954466;9954466;15993720
6300;9997935;9997935;16071657
6300;9840268;9840268;15811107
6300;9864962;9864962;15844671
6300;9803939;9803939;15754218
6300;9918435;9918435;15941951
6400;10155627;10155627;16327088
6400;10199051;10199051;16402181
6400;10333950;10333950;16607550
6400;10290810;10290810;16538146
6400;10152259;10152259;16316279
6400;10198472;10198472;16389097
6400;10226458;10226458;17161646
6400;10096876;10096876;16216154
6400;10058576;10058576;16206484
6400;10206184;10206184;16402750
6500;10564658;10564658;16975620
6500;10566511;10566511;16986998
6500;10537686;10537686;16930678
6500;10580610;10580610;17013167
6500;10553189;10553189;16955709
6500;10576062;10576062;17113860
6500;10690669;10690669;17201469
6500;10788324;10788324;17338570
6500;10537913;10537913;16927833
6500;10607961;10607961;17039336
6600;10766637;10766637;17301593
6600;10852962;10852962;17431869
6600;11002355;11002355;17716881
6600;10881969;10881969;17485344
6600;10884136;10884136;17483638
6600;10939685;10939685;17648615
6600;10826428;10826428;17421060
6600;10932787;10932787;17584330
6600;10882210;10882210;17482500
6600;10769600;10769600;17413664
6700;11251541;11251541;18094623
6700;11250803;11250803;18081539
6700;11175353;11175353;18716418
6700;11356011;11356011;18253343
6700;11074442;11074442;17787992
6700;11126367;11126367;17886410
6700;11384522;11384522;18302267
6700;11130555;11130555;17894375
6700;11108112;11108112;17861948
6700;11092843;11092843;17830090
6800;11494988;11494988;18456436
6800;11651081;11651081;18729502
6800;11429428;11429428;18489431
6800;11429097;11429097;18448472
6800;11574694;11574694;18598658
6800;11506617;11506617;18486018
6800;11530640;11530640;18592969
6800;11490182;11490182;18447334
6800;11299490;11299490;18156063
6800;11706621;11706621;18809146
6900;11883581;11883581;19100986
6900;11971648;11971648;19239226
6900;11948332;11948332;19193715
6900;12047729;12047729;19374621
6900;11775413;11775413;18960471
6900;12091673;12091673;19429804
6900;11800252;11800252;19095866
6900;11814352;11814352;18983795
6900;11951711;11951711;19201680
6900;12006799;12006799;19680684
7000;12195003;12195003;19616399
7000;12227799;12227799;19647118
7000;12069458;12069458;19398515
7000;12343599;12343599;19857607
7000;12185430;12185430;19576577
7000;12175558;12175558;19582265
7000;12191644;12191644;19644843
7000;12306273;12306273;19886051
7000;12428229;12428229;19962851
7000;12312703;12312703;19795029
7100;12722850;12722850;20430478
7100;12631535;12631535;20295651
7100;12738312;12738312;20458922
7100;12508139;12508139;20101091
7100;12569476;12569476;20204061
7100;12489741;12489741;20065821
7100;12708985;12708985;20428771
7100;12590125;12590125;20228523
7100;12544386;12544386;20185856
7100;12665591;12665591;20503295
7200;13013836;13013836;20940201
7200;13110725;13110725;21060806
7200;13083501;13083501;21023259
7200;12940890;12940890;20805374
7200;12921778;12921778;20771811
7200;13063521;13063521;21059668
7200;12893435;12893435;20718335
7200;12968051;12968051;20856006
7200;13063370;13063370;20987988
7200;12770519;12770519;20644379
7300;13411985;13411985;21600681
7300;13298533;13298533;21387348
7300;13428758;13428758;21583045
7300;13269889;13269889;21323063
7300;13525555;13525555;21736075
7300;13383057;13383057;21507382
7300;13239055;13239055;21270157
7300;13376955;13376955;21493161
7300;13438877;13438877;21596129
7300;13312428;13312428;21383934
7400;13552898;13552898;22377782
7400;13812604;13812604;22198013
7400;13652315;13652315;21930635
7400;13650312;13650312;21920965
7400;13656988;13656988;21928929
7400;13632730;13632730;21886831
7400;13766641;13766641;22110404
7400;13858173;13858173;22234422
7400;13568811;13568811;21808324
7400;13763842;13763842;22097889
7500;13969044;13969044;22430688
7500;14101016;14101016;22646866
7500;13909444;13909444;22346493
7500;13995771;13995771;22488146
7500;13849584;13849584;22245230
7500;13856745;13856745;22257178
7500;14023942;14023942;22537070
7500;13935148;13935148;22380626
7500;14196148;14196148;22812981
7500;13998897;13998897;22480750
7600;14378405;14378405;23232251
7600;14676726;14676726;23572446
7600;14292348;14292348;22955772
7600;14369496;14369496;23082065
7600;14422367;14422367;23195274
7600;14294904;14294904;22968857
7600;14284578;14284578;22964305
7600;14488127;14488127;23283451
7600;14471164;14471164;23266954
7600;14571692;14571692;23419984
7700;14813967;14813967;23806260
7700;14592977;14592977;23451274
7700;14771805;14771805;23731166
7700;14755391;14755391;23718082
7700;14577428;14577428;23442171
7700;14876438;14876438;23909229
7700;14772487;14772487;23814224
7700;14720677;14720677;23632749
7700;14960580;14960580;24023574
7700;14783008;14783008;24070224
7800;15197478;15197478;24429192
7800;15114072;15114072;24574258
7800;15009150;15009150;24174899
7800;15221128;15221128;24571983
7800;15246438;15246438;24512249
7800;15349855;15349855;24690880
7800;15275344;15275344;24551503
7800;15170890;15170890;24362632
7800;15322147;15322147;24622614
7800;15196332;15196332;24414400
7900;15543856;15543856;24970205
7900;15601600;15601600;25072605
7900;15639701;15639701;25252942
7900;15319951;15319951;24639681
7900;15509860;15509860;24936072
7900;15682149;15682149;25201742
7900;15434174;15434174;24812054
7900;15622649;15622649;25105031
7900;15701215;15701215;25282524
7900;15553379;15553379;25057245
8000;15992659;15992659;25851981
8000;15920724;15920724;25613616
8000;15845946;15845946;25474240
8000;16133127;16133127;25942434
8000;16028212;16028212;25833777
8000;15994186;15994186;25707484
8000;15834095;15834095;25438399
8000;15951381;15951381;25763235
8000;16034720;16034720;25778026
8000;16118740;16118740;25903750
8100;16342084;16342084;26273527
8100;16457468;16457468;26490273
8100;16474843;16474843;26486291
8100;16431811;16431811;26406647
8100;16526438;16526438;26553420
8100;16324699;16324699;26369101
8100;16496599;16496599;26557971
8100;16215100;16215100;26060763
8100;16459082;16459082;26440781
8100;16728895;16728895;26887357
8200;16817578;16817578;27153597
8200;16666912;16666912;26791216
8200;17002689;17002689;27337916
8200;16675592;16675592;26788371
8200;16906594;16906594;27160423
8200;16499393;16499393;26514736
8200;16796045;16796045;26986913
8200;16842128;16842128;27090450
8200;16827223;16827223;27038112
8200;16954640;16954640;27286717
8300;17198852;17198852;27636014
8300;17200143;17200143;27653081
8300;17143361;17143361;27679819
8300;17068324;17068324;27482414
8300;17542129;17542129;28183853
8300;17346440;17346440;27889169
8300;17387329;17387329;27942644
8300;17047073;17047073;27406752
8300;17213081;17213081;27691196
8300;17231774;17231774;27680956
8400;17611726;17611726;28301044
8400;17454008;17454008;28042200
8400;17825901;17825901;28658306
8400;17836941;17836941;28657737
8400;17490788;17490788;28113311
8400;17575190;17575190;28257809
8400;17591736;17591736;28386946
8400;17818041;17818041;28634413
8400;17593399;17593399;28564439
8400;17689997;17689997;28462040
8500;17981741;17981741;28904065
8500;18289276;18289276;29437682
8500;18047459;18047459;29033772
8500;18210083;18210083;29292047
8500;17825288;17825288;28680492
8500;18138879;18138879;29161772
8500;18000834;18000834;28936492
8500;18031523;18031523;28985985
8500;17663543;17663543;28387515
8500;18222948;18222948;29281238
8600;18596332;18596332;29885398
8600;18608828;18608828;29917824
8600;18658967;18658967;30104420
8600;18456593;18456593;29772757
8600;18286366;18286366;29794375
8600;18570167;18570167;30364970
8600;18299530;18299530;29668652
8600;18713253;18713253;30702890
8600;18437322;18437322;30680703
8600;18553090;18553090;29869469
8700;18887605;18887605;30401379
8700;18788652;18788652;30213646
8700;18913120;18913120;30397397
8700;18773473;18773473;30300117
8700;19035007;19035007;30611867
8700;18818295;18818295;30243228
8700;18916439;18916439;30408205
8700;19049665;19049665;30603904
8700;18894890;18894890;30802445
8700;18924687;18924687;30437218
8800;19540184;19540184;31399778
8800;19437855;19437855;31250160
8800;19508049;19508049;31349147
8800;19232497;19232497;30925894
8800;19286681;19286681;30999850
8800;19157688;19157688;30803583
8800;19397258;19397258;31406604
8800;19479248;19479248;31295102
8800;19109261;19109261;30710286
8800;19298945;19298945;31028293
8900;19954981;19954981;32066514
8900;19826562;19826562;31861715
8900;19672281;19672281;31617092
8900;19821529;19821529;31991421
8900;19722967;19722967;31677964
8900;19743479;19743479;31721768
8900;19768904;19768904;31738835
8900;19814329;19814329;31836683
8900;19897208;19897208;32026692
8900;19724591;19724591;31694461
9000;20247421;20247421;32526745
9000;20501193;20501193;33104735
9000;20321278;20321278;32675794
9000;20293372;20293372;32608665
9000;20513184;20513184;32969908
9000;20411543;20411543;32817447
9000;20467184;20467184;32888557
9000;20423688;20423688;34018370
9000;20236926;20236926;33058655
9000;20220877;20220877;32970478
9100;20680575;20680575;33242406
9100;20302617;20302617;32634834
9100;20959822;20959822;33727099
9100;20631570;20631570;33242975
9100;20941339;20941339;33654850
9100;20711449;20711449;33286210
9100;20521979;20521979;32986975
9100;20479870;20479870;32909037
9100;20787273;20787273;33413072
9100;20755367;20755367;33365854
9200;21180327;21180327;34057053
9200;20889267;20889267;33567810
9200;21175096;21175096;34037711
9200;20986807;20986807;33745303
9200;21186904;21186904;34129302
9200;21122557;21122557;33951809
9200;20923120;20923120;33624698
9200;21291981;21291981;34217480
9200;21222335;21222335;34101996
9200;21397315;21397315;34383596
9300;21305974;21305974;34293711
9300;21496760;21496760;34587826
9300;21648458;21648458;34809124
9300;21188901;21188901;34042832
9300;21579367;21579367;34728342
9300;21638175;21638175;34790351
9300;21404193;21404193;34402368
9300;21698451;21698451;34892181
9300;21809707;21809707;35044644
9300;21545513;21545513;34646421
9400;22007184;22007184;35378581
9400;22025287;22025287;35383701
9400;22034465;22034465;35419541
9400;22222940;22222940;35712518
9400;22016757;22016757;35392803
9400;22046356;22046356;35423523
9400;22161031;22161031;35604430
9400;22148777;22148777;35622065
9400;22304842;22304842;35892287
9400;22047348;22047348;35432625
9500;22610671;22610671;36362757
9500;22698732;22698732;36485068
9500;22572663;22572663;36287664
9500;22280075;22280075;35809229
9500;22286682;22286682;35819469
9500;22427805;22427805;36047025
9500;22491933;22491933;36140891
9500;22693381;22693381;36490188
9500;22455647;22455647;36096518
9500;22696396;22696396;37031200
9600;22979670;22979670;36976587
9600;23275880;23275880;37416337
9600;22925824;22925824;36844037
9600;22776134;22776134;36599415
9600;23112793;23112793;37163752
9600;22748311;22748311;36578935
9600;23087054;23087054;37099468
9600;23173455;23173455;37247947
9600;23170954;23170954;37251929
9600;23217373;23217373;37315075
9700;23317637;23317637;37483467
9700;23697835;23697835;38084781
9700;23362643;23362643;37576196
9700;23636496;23636496;37990915
9700;23382232;23382232;37577902
9700;23549172;23549172;37845849
9700;23453314;23453314;37700213
9700;23365902;23365902;37559698
9700;23622850;23622850;37971572
9700;23324115;23324115;37493138
9800;24137405;24137405;38812959
9800;23840414;23840414;38328835
9800;23967931;23967931;38537047
9800;24136981;24136981;38852780
9800;23879490;23879490;38413030
9800;23977915;23977915;38539892
9800;23812875;23812875;38269670
9800;24181815;24181815;38880087
9800;24043059;24043059;38643998
9800;24053854;24053854;38663340
9900;24691166;24691166;39685632
9900;24900513;24900513;40019570
9900;24540052;24540052;39437028
9900;24564910;24564910;39492780
9900;24502643;24502643;39365348
9900;24475403;24475403;39665721
9900;24495419;24495419;39401757
9900;24470717;24470717;39349419
9900;24419768;24419768;39264086
9900;24850060;24850060;39945045
10000;25158083;25158083;40431445
10000;25182272;25182272;40480938
10000;24904263;24904263;40026965
10000;25031340;25031340;40235747
10000;25135274;25135274;40413240
10000;24872008;24872008;39996246
10000;24964283;24964283;40130503
10000;24948247;24948247;40137330
10000;25329675;25329675;40710200
10000;24879782;24879782;40037205
